3.385238934373251141e+01
4.584806748148113087e+01
4.263154020348776641e+01
4.507882622141712403e+01
2.970567177290810434e+01
1.326912544959632889e+01
1.150277079660721569e+01
1.089975103763209319e+01
3.966216770795949031e+00
1.378406533865914829e+00
8.045760662954391407e+00
1.547315285368094884e+01
1.536032208162127333e+01
1.916977416167568293e+01
2.172176152518278158e+01
1.030412469086252116e+02
6.207706270674730575e+01
4.521534182370360355e+01
3.538429546943739012e+01
2.252950152038610199e+01
9.623224651202868074e+00
2.618455898639521440e+00
1.533340102078776397e+02
2.646960308456158817e+00
2.171018226087938263e+00
1.717321200090630606e+00
1.358265515784824906e+00
7.279780017159662719e-01
5.811843977286460294e+00
8.382659599760142299e+00
9.531183081415699476e+00
1.039938694800336094e+01
1.631859041662485765e+02
1.115774484815484584e+02
1.704374195705340469e+02
1.717481789940495389e+02
2.465522081846308566e+01
1.311321929731744547e+02
8.715895580824482636e+01
1.638574516967015029e+02
1.349571086479543851e+02
1.667168909576030558e+02
1.267282441323533675e+02
7.383938860814093630e+01
8.046354116748767638e+01
5.486014311958412293e+01
2.518349393146208115e+01
1.639445377606036303e+01
1.989932400561495740e+01
2.053166149216332315e+01
2.062327437623638815e+01
2.156193274372974145e+01
2.340444464624670928e+01
2.410997207230621697e+01
1.146853743267769943e+01
1.814038137225798408e+01
1.181783731120659127e+02
3.431440143697265466e+00
6.609111876517115292e+00
3.459805781506174682e+00
7.323554912195926470e+00
6.999931430214637373e+00
8.828937275579896493e+00
1.089803336900762609e+01
1.050933187072736352e+01
1.733511635291095532e+00
9.028247580407010586e-01
1.893412303255197049e+00
3.061686830734092091e+00
2.796298505521190236e+01
6.541460350024601134e+00
1.141275251579543459e+00
3.279342822561723825e+00
8.212903051084737172e+00
2.409074201683475192e+00
1.028342404686218892e+01
1.102010662177523592e+01
1.483317737095456934e+01
1.459493941964088926e+01
1.267285347834396703e+01
1.469198755811793156e+01
9.373970971738248892e+00
6.618436569023374183e+00
6.476345883630935774e+00
6.106318598719736812e+00
1.120099927537810913e+01
1.652973414709564892e+01
2.439853722485350573e+01
2.976731089026164767e+01
3.462763416600723332e+01
4.159630104184045507e+01
5.107933558248135597e+01
4.804097543147538119e+00
8.037296340366257397e+00
3.154624085054838645e+01
1.777202363700791921e+02
2.869441273152683891e+01
2.211267030299767100e+01
2.432016108307717062e+01
1.370950704251198715e+01
3.097767162077896153e+00
3.106333312248315437e+00
1.972703205931210624e+00
1.472211847426199149e+00
9.676957344752490364e-01
4.074035812261987410e-01
7.207714598359277858e+00
1.607933737911599792e+01
6.389828689438698639e+00
5.910235290737559666e+01
1.376980501609055239e+02
1.779954003142860017e+02
1.091745703182748528e+01
1.945071216114570944e+01
3.042674202315300391e+01
2.273969949557034198e+01
6.517579040213470876e+01
7.268504749261373021e+00
1.509157010819756728e+01
3.323163979911399224e+00
1.288423044859096755e+01
1.893277024030947331e+01
1.570488773326632348e+01
2.548013071182602474e+01
3.782616345215044618e+01
3.777228661581840186e+01
3.468268468344811595e+01
2.360444165756045010e+01
1.081595736507636474e+01
8.362681617827936620e+00
2.185789574099647581e+01
4.034193777587450569e+01
5.519950806328310478e+01
8.601887987022490734e+01
9.570389599639641176e+01
9.805752207897043604e+01
8.940913510682172216e+01
8.679079592528637477e+01
6.606883271766564292e+01
5.168287744212666723e+01
3.372248952385152165e+01
1.656094502106282462e+01
2.014877900728021487e+01
3.851379491844108571e+01
3.085096570174101416e+01
4.751768745670180039e+01
4.877354705489619136e+01
4.734241529249796088e+01
1.409486562055491810e+01
6.128791898685047812e+01
1.684058456745303189e+01
1.676226216039199812e+01
1.066584098608807807e+02
5.129583374555883069e+01
3.993771866187804420e+01
2.027513072830134888e+01
1.852207299886639547e+01
1.876975492451790117e+01
1.420928467118289973e+01
1.179153535921033935e+01
6.212106405706371071e+00
1.665761330042844879e+00
1.842661631641967501e+00
3.814877793503475001e+00
2.307923316854352791e+01
3.014596445921855938e+00
1.924582024349793841e+01
3.735758001584840571e+01
1.546751594805243180e+01
9.069617442344680569e+01
2.312763712848461140e+01
4.997887992422646875e+01
2.794244768796556500e+01
1.040560659914378618e+02
9.248181700136983352e+01
2.879869682156234845e+01
2.600775519245407352e+01
1.422941497228903529e+01
7.837995115328390661e+00
3.525971304519476046e+00
3.358957615572105038e+00
8.902504592265982453e+00
8.344271181524627323e+00
9.600527683803109724e+00
1.289777014995195614e+01
1.433588856801251055e+01
4.980318308573709274e+00
4.978269645998972237e+01
2.504422497785279944e+01
2.222701217866795531e+01
2.060841176846592759e+01
5.001048732084436210e+01
9.350231314622976697e+01
4.638140095102549054e+01
5.508808007644268656e+01
5.503402907927839038e+01
4.496960113761181077e+01
3.107281658728443219e+01
1.562079697528114686e+01
1.852511357173558526e+00
4.252504625671193139e+00
9.616983179244394719e+00
2.582499546917728850e+01
4.277118427613025631e+01
4.820388108433111540e+01
6.145776105303733772e+01
4.911108882797174147e+01
3.886785109940944238e+01
1.954215772364722170e+01
6.860636665788071298e+01
5.779595857755088417e+01
5.940990353646937905e+01
4.228344569347771653e+01
3.682258621549362942e+01
2.747884011005509919e+01
2.058809819352691761e+01
1.556085704322044272e+01
1.698552208066586289e+01
1.850448102640415371e+01
3.321783571733360674e+01
1.404316850626611490e+01
1.880135158262144301e+01
7.502303126365086428e+01
1.907546470997218790e+01
5.528928305558063272e+01
1.276903476507006552e+01
3.114731187847483085e+01
9.128127426741119876e+00
1.411939999534646262e+01
4.860294329136790026e+01
4.464069623972547873e+01
1.447969495799874196e+01
9.714597034988480928e+00
2.999932876514355229e+01
2.710484192577270690e+01
1.565924301877629787e+01
6.932870538824920104e+00
8.470669124917887816e-01
1.770336859861713963e+00
1.173741343815970595e+01
2.416175906466871837e+01
4.151732427993968599e+01
5.523030520172265767e+01
5.873804829812348061e+01
7.390592689882961963e+01
1.129540977420644623e+02
1.478061370861468049e+02
1.719988798819624662e+02
5.517331841782493740e+01
1.372217404026774545e+02
5.142068420461308165e+01
2.953762329779478435e+01
5.798014054122182515e+00
1.300906845781702259e+01
5.584803670966666189e+00
1.800888734638264488e+00
1.471063733026566567e+00
2.010681342129459370e+00
3.320090317454539086e+00
3.583479754427673747e+00
2.130524153249520936e+01
1.747350824516019543e+02
6.741722691303127135e+01
1.404639297345576097e+02
1.549278357899041225e+02
1.039619277813173284e+02
1.765148202027013369e+01
1.561133307948700235e+02
1.627903122643742222e+02
2.365658222208479344e+01
8.993203239533714921e+00
1.209508321697208721e+01
1.048445957517200888e+01
4.678836955829718036e+00
1.433288974423142292e+00
1.129627984958397668e+00
2.295027647266885129e+00
3.316662164553413561e+00
1.226593215113987512e+01
2.811235983416232642e+01
1.127106802182828815e+01
1.598188284283072846e+01
2.365106840882436856e+01
3.390521285514195426e+01
1.170606378491897459e+01
3.411329103552360920e+01
2.481245097144569911e+01
3.124286331240224257e+01
7.774562302785166423e+01
2.758345375141604805e+01
2.212989921112333747e+01
1.937091954927076998e+01
1.706099200855858555e+01
8.443625771841011485e+00
6.411119948994493001e+00
1.204550614311198053e+01
5.333329055589739909e+00
5.827102909422835708e+00
1.350636296675678061e+01
1.736821356511894976e+01
2.037707736269397429e+01
1.064224914722950466e+01
1.339124459603548090e+01
4.450775524427969998e+01
5.463592807339584567e+01
7.706783421234293385e+00
2.655996780653457279e+01
2.035168732302570405e+01
4.167297164395189668e+01
3.048375637068227206e+01
3.938904620017710556e+01
2.773198354172106050e+01
1.436023927500239594e+01
1.070103408181950577e+01
2.253596294651617526e+01
3.809798437210324096e+01
1.438611472832116362e+02
5.620367967054170322e+01
1.178137513155711247e+02
4.345328366569769685e+01
1.152149231724156095e+02
6.251574707523198526e+01
7.166590680907272315e+01
5.317721974897912673e+01
4.929765537304251666e+01
1.126765290049100230e+02
3.679046641991737232e+01
3.080167013564914313e+01
1.442042535233390765e+01
1.201346321300380637e+01
1.077835987105093629e+01
7.991682205044774889e+00
1.063429689325328553e+01
1.317028986873790153e+01
1.202527316237354427e+01
1.296809473451915196e+01
1.861592340190422945e+01
4.991425421622457037e+01
5.848181500676600564e+01
2.132531782971052436e+01
5.997694541488147735e+00
7.021205385867446580e+01
9.017816301109921540e+01
1.069399863937535002e+02
1.238113326241894327e+02
9.920406694526331393e+00
7.012301519099628422e+01
4.051013197792809883e+00
3.065141484376540770e+00
2.560753150829196745e+00
2.497155988194545539e+00
5.320650478014862017e+00
8.334226166359361088e+00
8.596919404790046570e+00
8.341102032869295968e+00
6.847846167373301540e+00
9.201574174017991936e+01
8.668108380543039004e+00
1.140729917471378343e+02
5.576592698176506957e+01
7.191484417100801352e+01
1.744227273434958931e+02
1.114835798156657916e+02
1.375317487460336565e+02
1.718490463649255062e+01
2.913869389679136646e+01
6.334568184606776242e+01
2.453712300310674976e+01
1.620630303977191389e+01
6.230219700114180803e+00
1.310362674964155927e+00
5.676370831111875681e+00
7.663924017722036020e+00
1.617095008702988679e+01
1.874857858025657009e+01
2.723439203455669144e+01
4.864710015629791684e+01
5.329299603630333593e+01
1.119247248320841948e+02
9.789715010432134079e+01
4.375807580688762499e+01
1.371988129550202871e+02
1.771699502643230630e+02
1.706128643189630338e+02
1.463957504467760771e+02
1.086645436368857673e+02
9.385361000887597527e+01
6.578786991829890951e+01
3.212538779053505777e+01
2.751722650533503156e+01
4.476721586401367148e+01
4.745812104401072418e+01
4.084211753608246909e+01
3.051774890046577227e+01
2.980542429070634824e+01
5.215794583356022862e+00
1.951967324395512193e+01
1.543783509991667415e+02
1.693518971392082619e+02
1.304784903420746787e+02
1.341068593217786145e+02
6.966083733149174861e+01
1.561999815156511886e+02
1.706312154965012837e+02
1.337180046591117843e+02
6.657023662807654318e+01
5.342339959886248835e+01
2.649247355155759820e+01
3.096457979063253418e+01
5.024391239329172265e+01
5.960481400050068146e+01
6.040044496427530873e+01
3.095273017200588583e+01
5.656993269469202090e+01
2.276669404739411107e+01
6.597729338048004877e+01
9.177430544492899855e+01
4.700129440179129148e+01
3.732672314990369955e+01
1.210886264417264613e+02
6.417633042895980111e+01
4.886315489594618100e+01
4.872221621206527686e+01
4.300239370289035890e+01
4.751223515001963449e+01
4.176578539379990218e+01
2.249744843695344798e+01
2.748317950113284880e+01
5.252887109407918587e+01
8.445266659045563529e+01
1.735902218411915499e+02
1.204411332997934210e+02
1.629954166000673297e+02
1.319311574308721333e+02
7.519420909194019487e+01
8.701003319944548764e+01
7.283363381433312611e+01
8.068545015373989315e+01
5.043170476856337103e+01
3.310774168645183124e+01
4.664879419312200071e+01
2.266558589255696887e+01
6.786479304379372302e+00
1.374416204262513208e+00
6.594816442736192164e-01
5.458204355448013079e-01
2.964716459602979359e+00
1.460809113597319353e+01
1.689624112404378664e+01
1.789590401555625476e+01
1.407555678333876337e+01
1.796717615591306227e+01
1.083723463544628203e+02
1.066705927803138252e+02
1.676859840159326609e+02
1.379899406344160866e+02
1.106999123217481582e+02
1.652571398581581548e+02
1.643458490340127867e+02
1.555245895349624448e+02
1.474477218668515661e+02
1.202184504345693483e+02
9.263916177776236438e+00
5.143841972295479792e+00
4.079139909664631247e+00
4.909616374370619596e+00
4.492828412236049118e+00
1.779257985658921370e+01
8.555250792226090084e+01
4.151937040314122385e+01
8.875442649816237406e+01
9.109854243060195245e+01
8.245116168050688543e+01
2.895792956907585847e+01
1.704007482596596503e+02
7.840370436966379941e+01
1.295755262610838940e+02
9.363839321729894039e+01
3.090838684651545165e+01
4.839179025735104744e+01
2.168789036226283784e+01
1.285047009395636231e+01
9.519449806777453560e+00
7.825166895498755437e+00
1.327144922025104457e+01
1.813775714843137976e+01
2.993659206436507958e+00
2.710154470365113610e+01
3.312965140824503152e+01
1.733680801706801589e+01
2.153056781308070811e+01
1.544179251240827000e+02
9.269436987687447527e+01
1.766388701923584392e+02
6.559274638948522806e+01
4.641037483418922704e+01
7.499122837508843986e+01
5.109418948234532110e+01
6.829748050013319016e+01
5.076771318325842941e+01
4.743235481730865644e+01
4.128400840257339866e+01
1.901761091631863820e+01
1.571102467910100842e+01
3.193450992841051672e+01
4.460817067997464136e+01
5.254976403597175505e+01
7.525717722286258038e+01
3.541045475675775123e+01
4.257079586853803477e+01
7.995729282832924412e+01
1.365816967620319815e+02
5.677008707948107258e+01
6.569566224438658253e+01
2.658236845781446434e+01
2.888642127014226801e+01
4.680589270063792640e+01
3.116072707300661904e+01
2.625246585418023670e+01
1.908242311595437002e+01
6.087701573116294895e+00
2.487185324411505860e+00
6.075261001200935596e-01
1.492655848092520943e+00
3.126761087408690631e+00
2.835714176908331829e+00
7.381553238735439670e+00
1.341123851273313861e+01
9.726551439629626827e+01
1.701763070612209958e+02
4.195073470199436372e+01
1.246854252770055496e+02
6.857347801706691826e+01
9.101098933546464309e+01
1.435936663465167555e+02
4.462002862659948477e+01
3.089123515382445717e+01
4.078148644749659013e+01
1.790808767479928676e+01
8.652381493379849076e+00
7.283430976369945631e-01
1.174783520120562530e+00
8.385218725705406939e+00
1.367118347787510579e+01
1.258858053206352423e+02
1.993540456853189724e+01
7.166688390289398569e+01
3.382660196385885598e+01
1.354569592588155729e+02
5.539208991898069456e+01
1.732060012856438505e+02
1.613051177426430343e+02
5.219443716171920755e+01
4.822994624431792943e+01
3.236517686880689126e+01
2.993967181293547597e+01
2.587837622836297413e+01
4.529902240357680654e+01
9.214421386012359605e+00
5.085216007837157548e+00
5.963034209297355837e+00
2.220202463273533056e+01
3.119773737643459555e+01
2.560594106818583882e+01
3.610776854133027314e+01
1.344549057889083343e+01
4.406922314503000138e+01
1.068568597731441940e+02
7.927409734003035169e+01
6.456931705958815826e+01
7.672172720665524537e+01
7.876017718991940342e+01
7.891949213448202727e+01
9.864093686900660884e+01
6.453725901061086745e+01
3.723045919346987631e+01
4.508184959849117490e+01
2.795165733960461552e+01
1.829566227364898623e+01
7.263997567707812131e+00
1.832002327478693005e+01
1.956129003132658539e+01
1.710747852081876985e+01
4.732965078816449278e+01
7.767575164789012376e+01
1.318275199458371105e+02
1.227552577677899990e+02
5.049262268254369701e+01
1.674847268220338776e+02
1.600325404024289924e+02
1.338164521583578050e+02
6.502003847161877559e+01
1.343314060140666300e+02
1.490030256903739030e+02
1.662556412122650613e+02
5.827035737547084437e+01
2.413570139623208988e+01
6.608154338295996411e+00
5.787811636565683981e-01
1.035536679392399684e+01
2.304343133344648464e+01
1.426066871880172471e+01
2.761541768036527600e+01
1.045627933815615052e+02
2.135132195670702870e+01
8.034906467889378234e+01
1.241581079207645359e+02
1.771323071128208539e+02
1.522637668505261956e+02
2.756867468801367238e+01
1.421961249159535612e+02
1.410039421961995174e+02
6.581122781866150717e+01
5.920971971326838457e+01
8.300228345097703908e+00
4.396934398426306956e+00
2.372933506967287443e+00
6.031295634021097030e+00
3.153857766632957293e+01
4.635661219124386889e+01
4.010498248499334295e+01
3.196969331202839015e+01
5.550579370115097788e+01
1.705300429608632840e+02
5.760216742111457222e+01
3.952687042295225694e+01
1.498801339632624376e+02
3.539783325241691614e+01
1.810134118643114931e+01
2.405946955605143600e+01
1.717953536439441109e+01
1.165795794899366911e+01
9.902709683824831188e+00
6.036653893530256276e+00
4.980560259421604741e+00
3.378596935965307857e+00
1.512831963591747320e+00
2.700654453856269122e+00
3.823372082895895030e+00
1.160965645963364423e+01
1.041062767913264082e+02
1.632929398934112442e+02
1.066693707518799670e+02
1.312534073637202425e+02
1.766923894504897703e+02
1.387891335459436561e+02
1.427606027195679701e+02
1.070022722150066272e+02
1.324351011115539052e+02
2.470280906989122016e+01
3.786041109961338691e+01
4.340122439271991794e+01
1.804556525543148027e+01
2.375771749105061659e+01
1.591940751599323178e+01
1.210670534003268095e+01
2.491339101018576940e+01
3.282729732928130773e+01
1.209018814884805693e+01
8.106127103072327600e+01
1.087276775666338580e+02
7.008716448527876253e+01
3.188064133803023381e+01
1.317411773993478903e+02
9.046873174675711482e+01
1.593157952079632764e+02
1.496000534747701067e+02
1.432894532620691166e+02
9.953272483633787715e+01
1.770726220528378576e+02
6.145241353697797848e+01
1.807822411749782532e+01
7.798937163617074120e+00
2.184072402169729088e+00
4.677804413600066269e-01
3.565916591269673752e+00
9.729278979936553995e+00
2.729164427103640023e+01
3.995564919804657933e+01
6.081446979435489908e+01
8.205291359434285425e+01
6.910091344504279220e+01
1.411384839597877203e+02
1.510425211871232420e+02
1.545995198383070033e+02
1.126801600951409768e+02
4.920066462301427634e+01
1.313394576704210692e+02
5.642668254370073555e+01
4.664934627233200359e+01
3.575548695353326423e+01
2.391436880394409670e+01
8.234874169911046593e+00
5.379734180248972875e-01
6.841542798950835946e-01
1.042777612648829511e+00
3.125497261872618449e+00
3.422114603603764493e+01
2.424178970494769558e+01
1.294633152539105936e+01
2.745562405044804777e+01
2.980685429406830522e+01
6.898198550829138753e+01
6.113160592798967485e+01
7.126455956127260549e+01
5.309128910693532077e+01
4.327025110376953876e+01
4.754741661209514803e+01
2.617057518013566764e+01
2.117519706992663941e+01
1.953010817682115174e+01
1.638416629995620610e+01
3.046526271615390691e+00
4.951796018794130561e+00
1.647666815145476349e+01
3.036275900896590230e+01
4.375312719470772294e+01
5.728049295409922337e+01
4.227113036909761234e+01
1.413339994545025036e+02
6.909681784434553720e+01
4.325662307975156295e+01
9.399496088094477386e+01
4.523083516478794763e+01
4.390470019400874691e+01
1.486407970982201832e+01
8.782600614171547804e+00
1.130517783126906828e+01
4.274288420421479273e+00
2.537314623532179514e+00
1.026296798610527805e+00
9.588321485484959661e-01
1.669636340574175426e+00
2.282572958228960225e+00
2.800094078206599058e+00
5.443270796428123504e+00
5.588297988388952753e+00
5.259570293731408164e+00
6.694436645496419480e+00
6.305616266117261226e+00
