8.577076768966203701e+01
8.962930053030824240e+01
8.824789418631512206e+01
8.480405263747020683e+01
7.692235732521628222e+01
3.994436391993556867e+01
2.067548201885939108e+01
3.070789640315253166e+01
5.554884526875306960e+01
7.030504728868072561e+01
8.086352392911571485e+01
8.574884273336571994e+01
8.466941667529488313e+01
8.110330967421981541e+01
7.842144957721720289e+01
8.133409913061758800e+01
8.146548676225985730e+01
6.008414011619107953e+01
2.168667077925857356e+01
8.975115876802715320e+01
8.492661163489015053e+01
8.556321073248476239e+01
8.477403153128925339e+01
8.487080632096269994e+01
8.575115744182045319e+01
8.635183798654347243e+01
8.625444696881992002e+01
8.871431097640514452e+01
4.052176494070590707e+01
5.519326753741844271e+01
7.040961754621434920e+01
7.667717892359465282e+01
5.883851254400416764e+01
7.248483397530034011e+00
7.081801341179090059e+01
6.144749391604494093e+01
8.775389919548944206e+00
6.448511774394975760e+01
4.315387463451651939e+01
5.540657714836626724e+01
5.016091818333846675e+01
5.113977051207320557e+01
5.463520049227621911e+01
5.798709662073218851e+01
8.686621176895020824e+01
4.600867542638675900e+01
3.673339683552963209e+01
1.791494450679330797e+01
2.052179681317952387e+01
2.858129521620809754e+01
2.212305696871073124e+01
4.375946277543417295e+01
6.474852650792486486e+01
8.341134288133456209e+01
7.682657882198490995e+01
2.945303506805880289e+01
3.235086450856855578e+01
1.303537061970331656e+01
7.819392829410870327e+00
8.414271421807912432e+00
5.687334049191454355e+00
8.796626779310804167e+00
9.116782644660114343e+00
1.450847298124003792e+01
2.294355323131939883e+01
2.328983000310916296e+01
4.472082745489212385e+01
1.580839114496125575e+01
1.368138253769024359e+01
1.621226241311847360e+01
1.907751891268040723e+01
1.974209277768829551e+01
1.799280683621873678e+01
1.700357846260016714e+01
1.664035084224305905e+01
2.084727218108194791e+01
2.296703704496728093e+01
2.554498459747507155e+01
3.020201881467389882e+01
3.313916334124850493e+01
3.719569533895516145e+01
2.906742748286082900e+01
2.977655397741708754e+01
5.293947187055160697e+01
6.558366721959444590e+01
8.499131169553371024e+01
8.308733595125346483e+01
8.414160844403335204e+01
7.952766579739187591e+01
7.661504501367642206e+01
7.897546900787517643e+01
8.086651853662586120e+01
8.167816553367816823e+01
7.644787177471357609e+01
6.776290284551166110e+01
8.993994126477625173e+01
7.887759949398784443e+01
4.856782499047733381e+01
3.351487231921310439e+01
1.935708834014900503e+01
9.034301998229201658e+00
1.810625371094282698e+01
2.156995145865411345e+01
2.349564417019008999e+01
1.602777655624546682e+01
1.614517422014491643e+01
1.927899313668049430e+01
6.947306626131411633e+01
6.894370926704600322e+01
7.237373426949629618e+01
7.782380430908409608e+01
8.031868238859891562e+01
7.942744310749742453e+01
5.526417175710302132e+01
4.106885584259045174e+01
3.515578086351958831e+01
4.020661104962246668e+01
4.385909701958164675e+01
6.184870572977843750e+01
3.770945504607981036e+01
5.012213433009062413e+01
5.398511152596514506e+01
5.298242148889730174e+01
3.242899576229068970e+01
1.761881819733903853e+01
1.415319175767354487e+01
1.613287669344418518e+01
2.420218235137092222e+01
3.252175279351716597e+01
4.488100405279382699e+01
7.658718210240949986e+01
5.801471195101496647e+01
1.928576291604583659e+01
6.653671458008867390e+00
1.518619074519115841e+01
1.472808032863518868e+01
1.516813847011838057e+01
8.929688204512004290e+00
4.828545016591414551e+00
1.289205094976979460e+01
2.504600417749990626e+01
3.475277064292366447e+01
8.531464592837556893e+01
7.453007273899548579e+01
6.810836550499320197e+01
7.109294593116352701e+01
7.385834882969643900e+01
7.621058492640125337e+01
8.359439062165446899e+01
8.892604492463637200e+01
8.448033930254609913e+01
8.491182876039347605e+01
8.789670777595573270e+01
8.699802000106355138e+01
8.898485389111772292e+01
8.654720095569759053e+01
8.799291459922500280e+01
8.895138125045522770e+01
8.776255279683712729e+01
7.981189302332683155e+01
8.226392727305987762e+01
6.346427665988594669e+01
7.038743970552320661e+01
7.246551924601259032e+01
7.435674851355757653e+01
7.188710315406450491e+01
6.547066853195302372e+01
7.654286575511581248e+01
8.230196004958973788e+01
8.112010123466458822e+01
3.119152036288028995e+01
3.301701263455430535e+01
5.545509566091278231e+01
3.727720705375850230e+01
4.087972584895308614e+01
4.534568122037859439e+01
6.252466547171986377e+01
7.536108849013595545e+01
7.007394045822186968e+01
2.617938683847344805e+01
3.170938979499356947e+01
5.488733423885442875e+01
6.389801184033974835e+01
8.617005853351237477e+01
6.467693696155603789e+01
7.400392636455268303e+01
7.502878218678809219e+01
6.897160586934933235e+01
7.136466656022331279e+01
3.668700134127190893e+01
2.998989594454907959e+01
1.932989580521859807e+01
1.126666256187951731e+01
4.391676217398031490e+00
3.287860080678115970e+00
1.296811319770087678e+01
7.948021492985497538e+00
6.685474474706661896e-01
3.551544647092879647e-01
7.770744316904013260e+01
8.790361389589297403e+01
6.109053707013260492e+01
5.533796045577323497e+01
5.213947066647804718e+01
5.014301559463034152e+01
5.018488686993244130e+01
5.313941193900210891e+01
5.635356377007907014e+01
5.494905310988779235e+01
4.913060774524185348e+01
4.443811638998445801e+01
4.951612090668083255e+01
5.488865151656506924e+01
5.891909689652008097e+01
5.901704174140002834e+01
6.396522217730323234e+01
7.281812339298429038e+01
7.292619355077992793e+01
7.813986088811000741e+01
7.731169772534032347e+01
8.773962400572311537e+01
8.056462891898452483e+01
7.011597350593888223e+01
6.362829462704377903e+01
6.216629928653161130e+01
3.805071156508961394e+01
3.923227844281990428e+01
5.465656663032783058e+01
4.673437243744122327e+01
4.463398828021392006e+01
4.266583244180991841e+01
4.383889953701648778e+01
4.093207092588924922e+01
4.003656069062740386e+01
3.923069737479708152e+01
5.021392508639716112e+01
5.057789949240782335e+01
4.855063372557152235e+01
4.839785866833123151e+01
3.218872501951840803e+01
4.872355399194523784e+01
2.185244263721111224e+01
1.379197993598118366e+01
7.720008450185493309e+00
1.919717261974111189e+00
4.565741936527170530e+00
8.166169109207822885e+01
7.943872627500410033e+01
7.805094984315711315e+01
7.000351231292823684e+01
5.879976072937041209e+01
5.335683593426182370e+01
5.602928229008543326e+01
7.733904966655826740e+01
1.842673119319125519e+01
1.335178070592078292e+01
1.123017501485174208e+01
1.136322219473616535e+01
1.124028293368730580e+01
1.084281745997856561e+01
8.750402244519071004e+00
8.387715687114681629e+00
8.475326903088339137e+00
9.920704790106094961e+00
1.134991893722872724e+01
2.114603148754478212e+01
1.973959460971706648e+01
1.950128194682396909e+01
2.136413532194025322e+01
2.444285916875172404e+01
2.863631395547232117e+01
3.405730835386105326e+01
4.323408498520869614e+01
2.559997046045453928e+01
1.455771290631500037e+01
9.374946249993694636e+00
8.522914273659445428e+00
7.520805423358640773e+00
8.811781086500255711e+00
1.197015319366883013e+01
1.514907728804166531e+01
1.807912075976938837e+01
2.366198700815540334e+01
2.950978452663548879e+01
4.407962863783051688e+01
7.473046178523026128e+01
4.394612360467615275e+01
1.542358230058771085e+01
7.437068119593774895e+00
4.530477701914999322e+00
1.057067043583242949e+01
1.378020511690595917e+01
2.678203780749246476e+01
4.333624927723163722e+01
5.357433250312197970e+01
4.635231077164195312e+01
5.492051517297100283e+00
2.551614356975592912e+01
2.358557977408808171e+01
2.132816752451048714e+01
2.138351356768310296e+01
2.991878483162667024e+01
4.084565268180428177e+01
3.117429442932603223e+01
3.040343174426333306e+01
3.147366527330088815e+01
4.380715597662848637e+01
3.140204547161500770e+01
2.267132689678537361e+01
2.556043318851542523e+01
1.788472942438531632e+01
2.385351407276558788e+01
3.023600629905215342e+01
3.511624514078230419e+01
5.065368108255084678e+01
6.202319357880610795e+01
6.953519609924354938e+01
7.671033893383588520e+01
7.939996328107473289e+01
8.318079573681194461e+01
8.548540978487081077e+01
8.606614501198346545e+01
1.343927906468937650e+01
3.690644952791450351e+01
2.128054582084138602e+01
2.712925653667487325e+01
5.422199986590636911e+01
8.831886771991563023e+01
8.955420797941572175e+01
7.121063977785293275e+01
1.550055779887288665e+01
4.397019111933668967e+01
3.927861929641586869e+01
4.291671270737261068e+01
2.177936670705617672e+01
6.167097648482187111e+01
7.330798297157130605e+01
7.375683188683269975e+01
7.565724183682387149e+01
7.447601669504025779e+01
7.655412425909612750e+01
8.680382364497957326e+01
8.901749143807217024e+01
8.950420640872283684e+01
8.962365711437961124e+01
8.874893213401792025e+01
8.607989250659882430e+01
8.399396698853762189e+01
8.265164012494713575e+01
7.761051562796097869e+01
6.003464016220575417e+01
3.522283959279019427e+01
4.179106730001819869e+01
5.226213935090249407e+01
5.854453533459042092e+01
6.566169146749388119e+01
8.933445185670909439e+01
7.168902922745382966e+01
5.894466531143422117e+01
4.880444551918638751e+01
7.529523182295538675e+01
7.716235914417600839e+01
7.725312829127703651e+01
7.613963209449649128e+01
7.607807188260593989e+01
7.326727786972449508e+01
6.495966573677020506e+01
6.018613852677557219e+01
5.650810850525473938e+01
5.909906232190532194e+01
6.408848552845130087e+01
5.716416402949745645e+01
4.864482326326699280e+01
8.554491449388289936e+01
6.612394931505690465e+01
6.648421521049053240e+01
6.785557098976235579e+01
8.853702321580129819e+01
1.556317676994568444e+01
6.041129777466787942e+01
3.569687489525902890e+01
2.755247567771525752e+01
2.849971972737788306e+01
4.580972944757583321e+01
4.347432301334475113e+01
5.100954307335071292e+01
5.571446287705290246e+01
6.519803621934782711e+01
6.741471462763280442e+01
6.289957930606496461e+01
4.425543229302160597e+01
6.162027929463665288e+01
5.729749191752539872e+01
7.127315700211721605e+01
8.287952895262289132e+01
2.761145565428258308e+01
5.722712199247139608e+01
1.744720089278773756e+01
8.236119867998090172e+01
8.607377508498723273e+01
5.615099871722922131e+01
6.120909890665586772e+01
4.200377016354357096e+01
6.275384475761944714e+01
7.285192438425968930e+01
1.022633601814534643e+01
2.896037835227321722e+01
7.420609594174378287e+01
6.554240567225905068e+01
8.968646305533023622e+01
7.800619891125529648e+01
8.655781206244665782e+01
8.687853088467922191e+01
8.824670645789360890e+01
8.751894743495923024e+01
8.474769551234022913e+01
7.456421720168864908e+01
8.729255702695989783e+01
6.598482442596869646e+01
3.022008175941615349e+01
5.131996357430738698e+01
5.806382840016074454e+01
6.314280854775048368e+01
6.170868901307814269e+01
5.923490517952790668e+01
3.327136839174843175e+01
2.294923916565900157e+01
4.345056215711935010e+01
8.245824844845066082e+01
8.882769243517836344e+01
7.741299448002313000e+01
5.692869806255043130e+01
5.014423442173580980e+01
4.866870478770474051e+01
4.926802347401579141e+01
4.985247068578887308e+01
7.541697179674463314e+01
8.337896099851239740e+01
6.998963188110437272e+01
7.008209306384586057e+01
8.236610692111646870e+01
8.351365043004336997e+01
8.477758120699047595e+01
7.299483558677474093e+01
5.739845274847780132e+01
2.986614211079438519e+01
3.587898445167367356e+01
2.971505105338022901e+01
2.207774672081799494e+01
1.787628351297412621e+01
1.227046870644968735e+01
8.019887335368707681e+00
8.332812285262461316e+00
1.863566803252442483e+01
1.654197641555788323e+01
7.258246381348379828e+01
7.248731017697367918e+01
7.676794021384228017e+01
6.726645146847729961e+01
7.350905285557497848e+01
8.545364133417284336e+01
8.591484581878242466e+01
6.435277706056339753e+01
6.127916085214823738e+01
7.134749638996375154e+01
6.910177654406312797e+01
5.403659226585710940e+01
6.663737155096767140e+01
8.614238260454729357e+01
6.945899939952533941e+01
5.902402672723336963e+01
5.533109054080918554e+01
7.876504364244713940e+01
6.325593264062798937e+01
7.502346025311921096e+01
7.786619121065045590e+01
7.521453523232871419e+01
6.264235075115276885e+01
7.287490530036291148e+01
8.537174430535593217e+01
8.176147097848999579e+01
3.569862833039790928e+01
3.592075995564439239e+01
4.822152033005484384e+01
3.789390969954828492e+00
1.940694596579023568e+01
3.453355641185535774e+01
4.626917806864397420e+01
5.406482069470379059e+01
6.394896831408460258e+01
7.370216491561296834e+01
7.941956962589269153e+01
8.936301715633898368e+01
1.895536501420147957e+01
2.062552934274163974e+01
2.504607961692591545e+01
2.568015571577346634e+01
2.878137530118048204e+01
3.103193311511134667e+01
2.298932292393778454e+01
1.431440462001227232e+01
1.931632610068230704e+01
2.166826167665821856e+01
5.511855111007692898e+01
6.814601493244781238e+01
6.694794166817300152e+01
6.653998919453606220e+01
7.054151244935405884e+01
7.991975859271333604e+01
8.764029081576771318e+01
2.319769141676564317e+01
1.816630944673052994e+01
2.553894142344278251e+01
3.564141934813054746e+01
4.934843797506871255e+01
6.610111087061058299e+01
8.349408674932109875e+01
8.945132358995400068e+01
7.763177638574204309e+01
7.149661464439068936e+01
5.624257112043034823e+01
7.790716800441114742e+01
7.922550843473135274e+01
7.873901673438568594e+01
7.887829189729576740e+01
8.031401933529001269e+01
8.619140990161075422e+01
8.479294853330303283e+01
8.112554581645980534e+01
7.519668248848743985e+01
7.524750089292174948e+01
8.269723461557384780e+01
6.918293046079990916e+01
8.033983778276008536e+01
7.682940486857575024e+01
8.562401878458403814e+01
7.258466251507888956e+01
6.006896405708247499e+01
6.387509568356247058e+01
6.156065807857442707e+01
8.924126808328922777e+01
8.604780768693267134e+01
8.253112986600368117e+01
8.774523863083723541e+01
8.308050970260306656e+01
7.758600708077202057e+01
7.499493275869264153e+01
8.252349086292224456e+01
8.693062602867995281e+01
8.419483975156261124e+01
6.894067921264301901e+01
6.882386196538588763e+01
6.989021799280028802e+01
6.429608271122152985e+01
5.038267248221693961e+01
3.223612215966529249e+01
2.525840302269416782e+01
3.406490964588649462e+01
2.983715626935811827e+01
3.513419708119717910e+01
1.264632613325075638e+01
5.884598464188955091e+01
8.085956427750157616e+01
7.763906900381802245e+01
6.299598153096778930e+01
4.735538482934343563e+01
3.420658982848323149e+01
1.956755390988298515e+01
1.221623598204429761e+01
1.133184011510574329e+01
2.705841846895381764e+01
5.237019278310334869e+01
6.701101393881980073e+01
8.171393298527812021e+01
8.680140623990082815e+01
8.237451426288369305e+01
7.011617392496616219e+01
6.661640618171240646e+01
5.055363603942905115e+01
7.290808171029233620e+01
7.103323057914437300e+01
6.566445240202057221e+01
4.660381978619565757e+01
3.906539770768594622e+01
2.598800563230894056e+01
2.182189762969340663e+01
6.067382610539559806e+01
5.632471803458891912e+01
7.923489038830227571e+01
5.658818026735103501e+01
5.375561115989646765e+01
7.898297197220564669e+01
1.724268709432451629e+01
1.876313280513485182e+01
5.922902545516762096e+00
1.629014117484424773e+01
3.404034120096217464e+01
4.265282118204083162e+01
5.016228585816180185e+01
2.912894474095351072e+01
4.774538686480214267e+01
2.080087349462082358e+01
1.696241869592640583e+01
6.490537592131097711e+00
2.128442936449321721e+01
3.770098642272761680e+01
4.526686955084107211e+01
5.627659054543251926e+01
4.140647704048127054e+01
5.342158910089873558e+01
3.954284858246854384e+01
3.197812829148001867e+01
3.616499290268255606e+01
4.611541670623557820e+01
6.581214698157275222e+01
8.822781376114271268e+01
3.103161851486472855e+01
8.602210914807900011e+00
1.347658417866768987e+00
4.983904101330189462e+00
5.319370215029951332e+00
4.516791414847412867e+00
4.415549530598303463e+00
5.388329714634841672e+00
7.530057703515929290e+00
8.244969390464355286e+00
8.271571296379538296e+01
2.851453948340052591e+01
2.011286430357913702e+01
2.024101950327950306e+01
2.493088029538158423e+01
2.556622015898180678e+01
2.186467978753936947e+01
1.714294915630404859e+01
1.933625834872050575e+01
2.455497459478591793e+01
1.498544189630121615e+01
1.399629864390280964e+01
1.151150179432450926e+01
1.116424274606057132e+01
5.333230671664220779e+01
6.922240674472431010e+01
7.726058490850363114e+01
2.148702632729516893e+01
5.927398348827279051e+01
7.177100156538051579e+01
3.635292326808991703e+01
2.428724773407610371e+01
1.578841215437791945e+01
1.592155901955124797e+01
1.861299530745973385e+01
2.751475545479331686e+01
3.563535117109955053e+01
4.628944158912446483e+01
5.692667232377089448e+01
8.046411613079112612e+01
8.994751724631760226e+01
8.323866692350939900e+01
8.141353788564421734e+01
7.725466474155244612e+01
8.231617000273419649e+01
5.206255104440683823e+01
8.842739014285130850e+01
1.367351552743027021e+01
6.249733845056864823e+01
3.080949448923719203e+01
3.740190264760472161e+01
6.588408044787772155e+01
7.285009521841429603e+01
3.146048735522281348e+01
5.917914075354067194e+01
8.841873083233375041e+01
8.365258613847264257e+01
7.931993330662216124e+01
8.179668087389943310e+01
7.881887726739473976e+01
7.495558306872634091e+01
6.657653308581228657e+01
6.306663505950863424e+01
5.986846928813710633e+01
6.003402493835696419e+01
3.481055235770298850e+01
6.161640566733089486e+01
5.872837815769119629e+01
7.218488001350864636e+01
5.047547793167743180e+01
4.716592463162685078e+01
3.734377127924550166e+01
3.066978548704603824e+01
2.622572680979274296e+01
2.314848378747946711e+01
1.987889383024983658e+01
1.713709739967433876e+01
5.461958519332554829e+01
5.359159612229651515e+01
5.353349520562156982e+01
5.567955590082114270e+01
7.080413938870601953e+01
8.580787094939789483e+01
8.386774217851395008e+01
7.496572615353822755e+01
7.399575871223750312e+01
2.511073632358619179e+01
9.494095703540850195e+00
1.948182977356625400e+01
3.214475276327304698e+01
3.042455009953801337e+01
1.240120416107549950e+01
3.853131465262530142e+00
2.095402240441868180e+00
1.342747539619504771e+01
3.088049974975529821e+01
3.565126737972580884e+01
3.809132593707681735e+01
2.131140783213196599e+01
6.961538854089397432e+00
3.507727461152244430e+00
2.975426473886944922e+00
3.768677526942678213e+00
5.723225041687926229e+00
1.351964678925314445e+01
7.880360345850380099e+01
7.724901503336971587e+01
7.618419927317131624e+01
8.149716447654543572e+01
6.806513928098854649e+01
2.902302024262737135e+01
1.954760668964733128e+01
1.049739297261671211e+01
9.711259686019582560e+00
7.297751407037841531e+00
9.437235325003927144e+00
8.272234693363134994e+00
8.000653603008878179e+00
7.558074269878379603e+00
5.912954591251420311e+00
5.912780710819669494e+00
5.402237167245369953e+00
5.672534283392170806e+00
5.610128125068365890e+00
