4.468491643561943505e+01
4.474802928654364820e+01
4.405014487073751894e+01
4.318118723067509990e+01
3.054668670987665280e+01
1.334707070866123857e+01
1.152385733201925966e+01
1.085618564654983942e+01
3.964200360595842465e+00
1.386822823316439246e+00
7.476681587030771681e+00
1.252273386894486329e+01
1.412455829163664589e+01
1.436562672589850465e+01
1.512375008984504099e+01
1.334515519953682983e+01
1.219967454795949990e+01
1.457631649865928125e+01
1.585827614765219380e+02
1.198559566152666456e+01
6.045697448172468569e+00
2.695222344612725252e+00
3.193081923275505662e+00
3.076385104677081372e+00
2.954003941757946450e+00
2.464912851387608850e+00
1.356023519270818989e+00
7.351362491796776810e-01
5.809441543512895656e+00
8.386092737872587577e+00
9.456974907122377871e+00
1.042259430698037903e+01
2.040486014886776900e+01
3.467159919064508244e+01
4.943436625432958920e+01
8.008890141440609511e+01
1.287066285961157064e+02
1.270374087521739170e+02
1.366828399874309241e+02
1.391760411399457951e+02
1.334132200962104662e+02
1.325931037447261360e+02
1.219200726406443209e+02
1.067388790082868439e+02
9.128498709948934220e+01
6.332464052340592531e+01
2.512505423947678551e+01
1.646702327355148299e+01
1.983657669200749396e+01
2.060832741829129944e+01
2.077347054401172954e+01
2.176662917484455306e+01
2.322768142615181475e+01
2.417602971038832038e+01
2.365156903455424242e+01
1.612262234375482350e+01
1.453220704591045020e+01
2.192965684456153141e+00
5.623069098108559594e+00
6.344827195953580912e+00
6.563687196888708719e+00
7.581508603368650512e+00
9.119761177799347251e+00
1.001714433490704614e+01
9.337909016807492080e+00
1.632417761114819399e+00
8.593839272453204225e-01
1.839875252866330468e+00
2.442501747813172752e+00
2.955419461427876371e+00
3.172700748159861917e+00
1.843192924000241817e+00
4.026807678146934855e+00
4.168169910776819975e+00
4.774548731296190951e+00
1.047199248127976290e+01
1.140970054238978904e+01
1.237616064082009260e+01
1.346182529493038516e+01
1.360729662297021392e+01
1.366993275627983451e+01
8.819928844663509793e+00
6.686096629016819115e+00
6.381167928863292538e+00
6.085659302390762804e+00
1.115399382819694374e+01
1.654484433170676994e+01
2.450366888012701594e+01
2.971841263006428235e+01
3.463737187863853961e+01
4.160085606325381491e+01
4.933754056764316687e+01
5.026239264570146048e+01
4.981890313077715859e+01
4.810166993699414917e+01
3.714289084241018912e+01
3.097120674430929554e+01
2.391957647335037862e+01
1.895874146288535655e+01
1.314316588282648013e+01
6.617411476679049720e+00
9.588829194107155729e-01
2.079810629613857653e+00
1.926231596482830710e+00
8.368549835035528073e-01
6.801867139956115915e-01
7.249402728607576840e+00
1.591658920506697861e+01
3.059860201928162837e+01
4.205458563212684453e+01
5.895450984534556937e+01
6.366491226774009959e+01
6.013808247780360716e+01
4.558108285571425000e+01
4.950544612917931175e+01
4.548359716973093470e+01
3.778562255398766467e+01
2.951662170637596816e+01
1.558969943607450759e+01
3.290011598662971437e+00
1.430950603391056752e+01
1.876718064051221191e+01
1.542385602401018652e+01
2.520877785932136561e+01
3.785204002921133082e+01
3.745115823942319366e+01
3.311572667843277884e+01
2.320669080133673035e+01
1.119799841236574878e+01
4.467130815995104420e+00
2.173148118740079937e+01
3.897084542314235023e+01
5.450191624615525399e+01
8.115792595977727331e+01
9.247496381368898710e+01
9.099943883538144007e+01
8.876866441551389642e+01
7.683488346539597558e+01
6.624000461284308017e+01
5.062975670539175610e+01
3.301504747203476597e+01
1.646500404004326512e+01
1.990183818597988008e+01
3.833813312051247379e+01
4.355301532849210133e+01
4.490977528160735233e+01
4.697198813256421346e+01
4.687969375017394924e+01
4.508948684833759302e+01
4.418785176175973106e+01
4.164304596448763363e+01
3.442619615963931068e+01
1.523316610633948365e+01
1.447931127128825501e+01
1.758705217464785520e+01
1.816855606357743724e+01
1.912225209573763607e+01
1.718169045707167797e+01
1.385895146467068706e+01
1.077120944505165667e+01
7.630287955307485603e+00
2.526647376608378792e+00
3.471674995492816329e+00
3.916155825362712672e+00
4.140333057095664238e+00
7.431536493982199509e+00
3.335637778518037777e+01
4.371549513625006256e+01
4.902711957663350262e+01
4.999990382190303251e+01
5.370643897933368294e+01
5.430428317573402097e+01
1.394647362917049449e+01
5.788333159338370848e+01
5.729919425133076771e+01
4.768338210166792379e+01
2.648081239012093491e+01
1.579581233082472025e+01
7.604956340520286240e+00
3.286009058947649386e+00
3.479082517849273692e+00
8.719883516727984230e+00
1.011278342351148218e+01
1.114917330725433331e+01
1.363911282103357792e+01
1.432545791386778689e+01
4.993660227896410397e+00
1.016921011475235481e+01
2.496714742898213046e+01
4.029144579109833302e+01
4.332155404019110989e+01
4.943478313422322401e+01
5.080632170878963194e+01
5.189879856498932043e+01
5.419545531969986030e+01
5.497688001832630533e+01
4.497150848444983495e+01
3.113493434648605529e+01
1.563603088210620484e+01
1.857811225936721877e+00
4.179655787509046760e+00
1.079274237225835087e+01
2.324956943133951981e+01
3.752130666298306494e+01
4.982495165931734249e+01
5.499343183289545323e+01
5.782411383283731965e+01
5.902514944533421470e+01
7.527962632169767687e+01
7.567828021813156170e+01
7.474464966583390435e+01
6.629999816144314195e+01
5.140243021102975263e+01
3.876661676942827484e+01
2.729097367784557093e+01
2.107782439343332115e+01
1.885301729738531051e+01
1.707107641758693006e+01
1.878747939577683113e+01
2.280229020302767395e+01
2.245000540070329365e+01
2.567645147290475904e+01
2.957757264976631362e+01
3.305614702779996605e+01
3.538590700097083186e+01
2.749120182051913730e+01
1.889729654341803666e+01
1.333768916135586124e+01
1.276569058229072517e+01
1.483374874982033198e+01
1.667224405895743544e+01
1.622595442762529672e+01
1.801504312239986660e+01
2.031212905985968575e+01
2.388091320096264170e+01
1.477117227087088480e+01
6.894818286812760100e+00
9.653846958803715683e-01
1.715567700681689178e+00
1.151232756709577210e+01
2.650830940711909989e+01
4.445095925373363599e+01
5.613184458328906601e+01
6.770457640293706447e+01
7.876862084903127936e+01
8.303574920800828352e+01
8.606441239172089297e+01
8.575250640279449499e+01
8.291813694073772467e+01
7.269758783601383811e+01
5.792228699032489914e+01
3.943200288559747690e+01
2.764532181162300617e+01
1.693921651654929050e+01
5.467516230041605141e+00
1.804021435546749652e+00
1.336097108640350806e+00
2.310600612913052299e+00
3.167426686035328842e+00
4.097354319202509920e+00
4.325783604787279302e+00
5.369051416182974990e+00
6.723820762449793875e+00
1.207995442784700124e+01
1.621941887778141123e+01
1.876699437689119776e+01
1.552688680449096381e+01
1.465409484060757173e+01
1.397735058048795764e+01
1.343504995119737799e+01
1.281399576321591027e+01
1.169087613162198913e+01
1.061353909567717224e+01
4.850606174479911381e+00
1.391109252400161145e+00
1.256727548852602627e+00
2.584104435448496329e+00
3.094756274480735314e+00
3.731618158290284537e+00
5.280103519811439661e+00
1.074956992879097939e+01
1.509770481438199674e+01
2.442186761054702160e+01
3.303169994222504613e+01
4.448655569357999440e+01
4.211915437118514660e+01
4.197578465742239473e+01
4.278974149817035766e+01
4.243646624448697224e+01
3.909186187440421634e+01
3.133118691948375911e+01
2.668942384419841929e+01
1.722326736800548730e+01
8.490075890988066476e+00
6.040817508689322324e+00
1.189165374356479532e+01
1.332798589825018709e+01
5.797109114128239149e+00
1.323851361682187644e+00
1.146332900107261743e+00
1.170267825886837088e+00
1.055668892027709305e+01
2.582656273601996944e+01
3.896802481158110254e+01
3.186034974171475653e+01
2.669164509369714722e+01
2.407652302565628233e+01
3.317517731297100880e+01
3.649328348671595279e+01
3.718914024934741747e+01
4.002131337319327287e+01
2.792606249953407982e+01
1.416254539757109931e+01
1.053789542931997048e+01
2.374701926828246101e+01
3.808289776513026226e+01
5.267084011807549615e+01
5.993488808257065159e+01
6.480985517795589601e+01
6.771040555131061467e+01
6.858732530699137442e+01
7.399812273902551851e+01
6.525080056379042048e+01
2.744778231105822641e+01
5.672960345181375175e+01
4.095539547607543085e+01
2.675737132177240696e+01
1.923462868226145517e+01
1.480142739683934927e+01
1.185294329080931419e+01
1.095347963630616661e+01
7.963401008768009604e+00
1.107611038110225721e+01
1.365325129494442358e+01
1.292457615263496784e+01
1.216242013421191714e+01
1.100365927925031606e+01
1.169663765134318467e+01
1.214921169725087502e+01
1.284677056734787648e+01
1.285827004093661152e+01
1.509242018081004311e+01
4.376248825869573089e+00
3.122913793872365229e+00
3.472256017189826682e+00
4.062047685809487163e+00
4.743716419730789724e+00
4.153909278591638277e+00
3.061839387795460610e+00
2.587230558802999347e+00
2.482044923494145294e+00
5.326845078129153421e+00
8.304067733485545943e+00
8.569499546103982013e+00
8.612268211117285688e+00
8.181165529117070179e+00
2.956967107493755798e+00
1.027215394222476164e+01
1.853964754927087100e+01
2.870790171215982767e+01
3.483656099012330287e+01
3.985542830624122956e+01
4.282805550835108477e+01
4.279629309365475365e+01
4.268017717851263626e+01
4.232916710472353827e+01
3.684743061154217969e+01
2.811279354498919503e+01
1.620939921501458869e+01
6.220021487292731521e+00
1.303732284087237403e+00
5.671338487271153639e+00
7.758620054039023550e+00
1.772733660512963993e+01
1.855572359366278334e+01
2.888116687195435262e+01
4.671728985966519332e+01
5.963199818343022685e+01
9.356657836950397211e+01
4.963083337181532784e+01
1.448525427607626455e+02
1.131473806213151789e+02
1.632611614149500951e+02
1.475680005383094624e+02
1.460032357230008984e+02
1.206364893769096369e+02
9.793201570139424916e+01
6.457981876108878794e+01
3.242854098425566889e+01
2.769609248192951512e+01
4.422233583760746001e+01
4.607086499352372044e+01
4.174041768831320809e+01
3.599310712799511691e+01
2.833155174790479336e+01
7.590865069392999764e+00
2.027050290056205029e+01
6.665005809965384742e+01
1.494966950044562850e+02
1.776375299880458272e+02
9.010525569790451073e+01
1.627364064521146645e+02
1.206934000945229428e+02
1.745560142314841130e+02
7.003255131225981245e+01
8.149098800025862488e+01
5.382919596057663369e+01
2.638137902482718289e+01
3.039322923813283595e+01
5.064478573636839087e+01
6.296642164623397520e+01
6.315856932115015354e+01
6.212229463771645754e+01
5.260841704862198753e+01
4.795748737992404642e+01
3.587873706180425160e+01
9.657633566350593668e+00
1.201152524773654839e+01
9.901104218981094718e+00
5.968210921715635919e+01
7.526518933829105151e+01
7.492092167550121928e+01
7.395843226359365019e+01
6.655351155194060198e+01
6.012691117898032189e+01
4.744945234243332521e+01
2.271031851819744674e+01
3.111213782046111476e+01
5.398615047893352425e+01
8.859898933411017197e+01
1.076039678025328499e+02
1.182404089499685682e+02
1.322917113826278523e+02
1.377639539267142084e+02
1.420821628516792430e+02
1.420042951113560150e+02
1.260516310811524505e+02
1.063137312150318934e+02
9.831322178732054340e+01
5.278125440108938449e+01
3.333844375231689838e+01
2.389065081511373378e+01
9.650919944045529775e+00
3.255959762619536235e+00
5.705163262136329072e-01
4.436073413748937710e-01
2.960584066920934898e+00
1.469004968777238318e+01
1.684600942663208301e+01
1.699182990407296501e+01
1.688588028160324228e+01
1.704547648287935147e+01
3.621140696737833764e+01
5.463394999863281498e+01
4.210001478881163450e+01
1.753636190890762805e+02
1.413288290144531345e+02
2.854668300324903640e+01
1.761592713406882922e+02
3.445762658989233529e+01
2.932317194609910160e+01
2.842469678567164948e+01
9.436621998272153533e+00
5.292857852107384353e+00
4.134294973727707934e+00
4.686022761082436539e+00
4.760018283299616293e+00
8.157523518989727052e+00
1.499099789750830070e+01
1.610539355076463153e+01
2.651267842547241216e+01
3.775873603683229618e+01
2.786474633760850494e+01
4.280862091852418416e+01
1.545374221308435665e+02
1.380869578703896821e+02
3.496315053546243234e+01
7.585271250577613955e+01
2.976888456656871895e+01
3.421249850631914313e+01
2.389079633841873829e+01
1.379560963841128185e+01
9.565986700351720273e+00
7.266568837100662925e+00
1.309634382444279233e+01
1.886188405967114434e+01
1.898378689937261399e+01
2.562661567506548721e+01
3.655257066670937149e+01
4.233225165577951543e+01
4.650300030544048724e+01
6.303850848143248697e+01
8.554099392177401739e+01
1.047729066338959143e+02
9.168261210410500439e+01
8.614774401577825813e+01
8.614545154496408941e+01
7.780206612704547808e+01
6.775796747608096382e+01
6.597776577871630366e+01
5.807612598727440911e+01
4.126029362977205750e+01
1.889838710607603289e+01
1.527618305036234680e+01
3.206200025931598674e+01
4.519710154949965641e+01
5.207962560844055133e+01
5.580721828624030678e+01
6.554032247715922210e+01
7.255681523593206350e+01
4.475614324034391700e+01
9.563197827116015048e+01
4.496270656407061495e+01
7.522274806134223013e+01
5.641423383643804357e+01
4.334096987092820541e+01
3.641614781648215882e+01
3.374943536546284406e+01
2.633019762399347385e+01
1.899391543565189622e+01
6.031459571964361999e+00
2.423395844607822980e+00
6.639148759862177895e-01
1.435571952633559301e+00
2.403416313484602274e+00
1.796341994289335053e+00
5.888718801859678997e+00
1.155857432734768508e+01
3.018355241107042630e+01
3.849861254489588447e+01
4.355711912025180510e+01
3.753995749074915267e+01
4.397407004428997368e+01
4.203100351343031349e+01
4.722385709447026159e+01
4.458885673390069115e+01
4.078502125890065599e+01
3.511104191237005523e+01
1.804528065646550061e+01
8.723659688904561449e+00
7.675635783595524675e-01
1.078092144814638553e+00
7.983546978843562236e+00
1.661331291271209665e+01
2.469683013720648290e+01
3.087611875407543138e+01
3.167456283730211908e+01
3.338814069460933354e+01
3.524254385194223005e+01
3.828255597082342376e+01
4.104129840012534203e+01
4.058313605706767646e+01
3.581832575989041345e+01
3.537802092167985535e+01
3.238791052602030618e+01
3.027996038757138919e+01
2.633399430445238565e+01
1.653140359566256024e+01
1.136673769476632856e+01
5.307759636900221345e+00
5.849047411194893797e+00
2.204483753554261938e+01
3.319896035199170825e+01
5.070508422490213007e+01
6.348121268572261755e+01
8.111215682214505307e+01
9.941569133731100294e+01
1.177128363967209594e+02
1.272469419240279365e+02
1.768181307448674886e+02
9.738117847272023653e+01
1.232508381388501135e+02
1.094882489003110351e+02
9.145765058836418859e+01
7.951448063654984821e+01
6.208689913555592454e+01
4.512084807128659492e+01
2.675049680113582440e+01
1.808384198026931244e+01
7.234169395892808829e+00
1.414881409821534497e+01
1.950788760675036215e+01
2.124820978582742370e+01
2.324571672737902972e+01
1.660452932751675093e+01
1.707008006338579946e+02
5.546516627613534212e+01
1.317922106442610470e+02
7.595912837206816448e+01
4.647725155013211662e+01
1.564837983550104354e+02
1.671500825089979969e+02
1.082249959719887613e+02
8.639487396521911933e+01
6.508914782132387700e+01
4.597024224766227718e+01
2.167619105251299416e+01
6.588050038560719912e+00
4.787592472766308282e-01
1.044177318109427510e+01
2.302459243549873236e+01
3.343529628431323886e+01
4.769790624848125304e+01
6.721286754892224735e+01
1.004513328294772663e+02
1.238136007338570295e+02
1.172027380407931361e+02
1.741411237139589616e+02
1.299070883532895095e+02
7.784967293628454854e+01
1.690956519539379599e+02
1.644689769721564403e+02
1.311585313927839422e+02
1.254874215962380362e+02
3.335447154272129211e+01
1.551939028111311991e+01
2.295777538511346805e+00
6.152898438690659333e+00
1.798483266476190323e+01
2.818503329467756302e+01
3.042111105870129251e+01
3.105939915838435539e+01
2.871752389051638232e+01
2.564916614434893916e+01
2.257062758205763942e+01
2.293216986605635199e+01
1.225929378334712965e+02
2.058981359533748190e+01
1.321947597782491002e+01
1.372233686811897080e+01
1.479877625446844824e+01
1.328900564448426458e+01
9.464647830703182052e+00
6.292833975257779322e+00
5.043865927866123755e+00
3.478904063349973708e+00
1.508120570848549447e+00
2.653191038448645678e+00
3.478673129929910068e+00
4.431816551946909932e+00
1.583175278220454061e+02
1.397394181399491515e+02
1.036258443736154788e+02
3.206228889175734764e+01
1.660833910032975496e+02
1.547547308761758700e+01
2.293371121629384746e+01
7.216908974108488906e+01
7.222575247587052161e+01
6.752271179458999484e+01
5.895645750616311176e+01
4.914081414793191271e+01
3.576979291621428558e+01
2.549234181712058245e+01
1.588211291232280153e+01
1.278959380478530683e+01
2.363156979392391221e+01
3.518569301178965247e+01
4.726721620402433643e+01
5.965979848604364832e+01
8.422706256524631385e+01
2.014381932627832583e+01
8.828767729318470003e+01
1.381793535551513799e+02
8.994538741153053252e+01
6.732878836300734804e+01
1.757688889558360188e+02
1.288957242264477259e+02
4.900375120840635645e+01
6.001429519767003029e+01
3.898426849467350763e+01
1.741794525265821747e+01
7.724613283302879552e+00
2.151717716121697155e+00
4.591753981947149232e-01
3.560615591679101133e+00
9.732258553390924050e+00
2.746727649409675820e+01
3.991498181328567085e+01
5.021503558107790610e+01
6.036622126313861258e+01
1.069067561046826000e+02
5.442554929109692097e+01
6.239797414119401253e+01
1.191643988852204359e+02
4.030263080090337269e+01
1.202212854957529231e+02
6.978515761896946401e+01
5.673489583271426540e+01
4.674036641073023191e+01
3.602663705987525589e+01
2.392959306995661350e+01
8.343976320604284069e+00
5.042707338096927838e-01
7.533533563414636092e-01
9.977179801672424464e-01
3.202158477383541868e+00
1.424207338885562812e+01
2.264559754861413410e+01
2.727143125408203872e+01
2.876991407338551809e+01
3.174946352780986558e+01
4.822821056923057625e+01
4.825170016508076287e+01
4.819986924876598522e+01
4.773924349940551082e+01
4.539976705629450038e+01
3.436209672893370737e+01
2.601391549426201166e+01
2.105823891256690672e+01
1.981068525721537554e+01
1.626245004091143542e+01
2.795171673741627671e+00
4.985200187549565953e+00
1.688167872036621020e+01
2.953914216598435161e+01
4.001314695931734633e+01
4.615187456791321807e+01
5.393301315190731060e+01
5.688250300422620143e+01
5.670148342753426363e+01
5.891287255138841061e+01
5.617493542000364215e+01
5.353401886861198733e+01
4.128091025960642924e+01
2.836421411775949508e+01
1.795764064438218099e+01
1.242690445518114295e+01
5.148429808515330386e+00
2.281272957664872258e+00
1.072225822951880181e+00
9.368956213670660560e-01
1.681341936510573953e+00
2.341741500112955787e+00
2.812329547767800531e+00
4.594098233039469292e+00
4.964469589811826289e+00
5.385924107882209100e+00
5.643399135845990067e+00
5.565304577295950850e+00
