7.376761966223862999e+01
6.913513295001280312e+01
3.523866969350429201e+01
7.859005259758104955e+01
3.494519243087369631e+01
3.920184666432642473e+01
2.063372773874441535e+01
2.999906647239138380e+01
5.605392054467664309e+01
7.027810911109885694e+01
8.033470367090056641e+01
3.096699744451317571e+01
6.620949627924322556e+01
5.880180562005461553e+01
4.333618480540686591e+01
1.679891822434252191e+01
4.522982216798563826e+01
7.964061021457968081e+01
8.802294515265273844e+01
5.709213617028839849e+01
7.277788455747061391e+01
2.976200729546265578e+01
5.735582396731183508e+01
7.707222173216189276e+01
6.897530942037991508e+01
6.408535500526377859e+01
8.820127366042270012e+01
8.763805027573204143e+01
3.991286341128333248e+01
5.506294938888601820e+01
6.977104836006380140e+01
7.704022102238171499e+01
6.285135023097569018e+01
8.542295222098577767e+01
1.857791827758515169e+01
7.422135923927629619e+01
2.787225005486043372e+01
5.711733144662704831e+01
4.459260432867432655e+01
5.241611729366501748e+01
4.680167679933571634e+01
3.959440911055651924e+01
6.549277452204877648e+01
6.913097039310638081e+01
4.137215416364330878e+01
2.571615207017934779e+01
3.902536881022160031e+01
1.720348969273461748e+01
1.903470051142071640e+01
3.223834254878674699e+01
2.417265727427044908e+01
5.538237479872296376e+01
6.465046942397080443e+01
8.668135475488045927e+01
4.280340068362816908e+01
3.106166522947716757e+01
8.659718282895690322e+01
2.310590610076327422e+01
2.493240372170403063e+01
4.536856575685609272e+01
2.251451936540803445e+01
9.722317659221536346e+00
1.169403789134089067e+01
3.892808016329618681e+01
2.830420890606493955e+01
2.213604116527756815e+01
4.302502991950547795e+01
1.302666088061286231e+01
1.512849448296804589e+01
3.713124062494074451e+01
1.216047261052166029e+01
1.117410211583084134e+01
1.914185561074597075e+01
2.018834632448551858e+01
1.527728650760144546e+01
2.062841469077183731e+01
1.784928490939142165e+01
3.739424664914846375e+01
3.818464319456990808e+01
2.157264147873525673e+01
3.917243348619507515e+01
3.190668920779284434e+01
2.817235469808047910e+01
5.301133763996321591e+01
6.423074614581457809e+01
8.413700016788433800e+01
8.279204335530435799e+01
8.335044466738008850e+01
7.833572837384579657e+01
7.803581930307809955e+01
8.232374033374686917e+01
7.826026799731180006e+01
2.757286408043264103e+01
4.064058531042327616e+01
3.432741678486836179e+01
5.684479073930366866e+01
5.220431808580852362e+01
4.819410435237802659e+01
5.411502616581572767e+01
4.624608199344550030e+01
3.484716886915477119e+01
5.950366674056029126e+01
1.971064786718075368e+01
2.447930778196188584e+01
1.643238825383200208e+01
1.815607725552840535e+01
1.937720627130459050e+01
6.821953854350998370e+01
2.671723452022581924e+01
6.300948735858782612e+01
2.543206837140066057e+01
6.017377896584639529e+01
5.330818089381862990e+01
5.323144013814243891e+01
6.007036432058048092e+01
4.114824693885226026e+01
3.354163758555700525e+01
8.847794463602548376e+01
5.596130631835276148e+01
3.917726397286254070e+01
4.951174486667653696e+01
5.464198971117127712e+01
5.518136011803947127e+01
3.239594698953382590e+01
1.520167728256612527e+01
1.337805054359504986e+01
1.450929412179625189e+01
2.346548275371258541e+01
3.989533121993500941e+01
4.596941414443887197e+01
7.700956890355338658e+01
6.162402066818673063e+01
1.900658826993690909e+01
1.801353618640972698e+01
2.123161382741792380e+01
2.815285343023430542e+01
1.446864393474370480e+01
7.914516545720194252e+00
8.780962819119919160e+00
1.154143030259947800e+01
2.294477675554543339e+01
3.428458206871872704e+01
8.555726658357731651e+01
7.379536126761941262e+01
1.617564058354433243e+01
7.410378863938086624e+01
7.452468922961851661e+01
7.415444098082886626e+01
5.195008552487719555e+01
8.705623179972319292e+01
8.352804439195386976e+01
8.490533017566866647e+01
4.987803056064058893e+01
6.770488099287194927e+01
2.056034187666436353e+01
7.970030746898321183e+01
8.420414511195126295e+01
8.799929270923023239e+01
8.838767890204111666e+01
8.329235309572939627e+01
7.872702174275649156e+01
6.960140815365483036e+01
7.536199658924539335e+01
7.351608888313015200e+01
4.998880516439519539e+01
6.925223905703600735e+01
7.435957758982144128e+01
7.032979720331388762e+01
5.999553053687393600e+01
8.590538916959495452e+01
8.096217797229928692e+01
5.407338589065010126e+01
7.625950177901732729e+01
5.745094908037278003e+01
2.249215386757348512e+01
3.227944734081211209e+01
8.698268838491468102e+01
7.560731112151023581e+01
7.063236997566612274e+01
2.641327724237425301e+01
3.137816685146471229e+01
5.141970186015779376e+01
7.699797599022018346e+01
8.384516926052373265e+01
7.424403288961107705e+01
7.782679512343817407e+01
7.431542871183275167e+01
7.745619314643130338e+01
7.173597618010749954e+01
4.042695164628411675e+01
8.684265963819500200e+01
7.531627004045118667e+01
6.629162840164519821e+01
8.445129248816976997e+01
2.080585231245087030e+01
1.381389500111071911e+01
8.608680424696737887e+00
1.348858294706032579e+00
8.364364755780258065e-01
7.793902980537119163e+01
7.785289362757660570e+01
6.002919817067052577e+01
6.130764541696611758e+01
4.971867927558466960e+01
8.154248860345376215e+01
2.669197345961094925e+01
6.048613105212763230e+01
1.405633191459833320e+01
8.732142828509077503e+01
8.324639015250103569e+01
3.139966448653701292e+01
3.955830176119378905e+01
4.644464101183464066e+01
6.408003204100255346e+01
6.303374018054976347e+01
6.163082615889855731e+01
6.524127641736453143e+01
7.250989506646163818e+01
7.841811757202236777e+01
6.577249925694343347e+01
2.875388316333931016e+01
6.945027109201056703e+01
8.291689051723240311e+01
5.038641802094797129e+01
6.882532021612418305e+01
4.228484067527919876e+01
6.847468861556438924e+01
4.615439854369407158e+01
5.073601708359676365e+01
6.536022288657642321e+01
1.424370752845915966e+01
4.417819282971345984e+01
4.505347510996776350e+01
1.766675501641914892e+01
3.389347031395712406e+01
4.710204660644646424e+01
5.155780849737431737e+01
5.050878302333864411e+01
4.656431033968635091e+01
3.321872879877069806e+01
4.680594352004710856e+01
2.466508073397069722e+01
1.673034460268178236e+01
3.459367540936260532e+00
4.954075036024423895e+00
3.407056150867159516e+00
6.864244444118304500e+01
6.173611915264854844e+01
6.555470426821732133e+01
7.136319828504737472e+01
6.879137605412662992e+01
3.566613497254099485e+01
6.715026382240718306e+01
8.914239175950238803e+01
1.794400318648808579e+01
1.379125061249632722e+01
1.265782473504499350e+01
8.700751206667764137e+00
9.775225629610325484e+00
9.981449411329112564e+00
8.056658615786517430e+01
1.411438920816969222e+01
8.903861920119629758e+01
2.469755683574362592e+01
8.263686099110735483e+00
4.140202220016112733e+01
3.810967479057683960e+01
2.580192323235712593e+01
4.685023975209566771e+01
3.560728354547374863e+01
2.662854068356777049e+01
3.496319924153984715e+01
4.040967157475328975e+01
2.530407746665262891e+01
1.558744038237130702e+01
8.784619279551684201e+00
8.873071498380383559e+00
9.045973363606041318e+00
2.218283162022614974e+01
2.905004895697392797e+01
1.538064322786757820e+01
1.720442504518956639e+01
1.968936862630927820e+01
2.392525901791901788e+01
6.808033025624466461e+01
6.898135405631954598e+01
8.163739270447945273e+01
3.784248229889939097e+01
2.662644732975012118e+01
4.153171750897317338e+01
6.649660831838394870e+01
8.782599948154826563e+01
2.845929996421295627e+01
4.323225598752667054e+01
5.364651907455156987e+01
4.691047234347102091e+01
6.594792846393426089e+01
8.458844951018889446e+01
8.654642909499824555e+01
8.627185993558845212e+01
8.952755436006060563e+01
8.349400929467016397e+01
1.249446631681106368e+01
3.736851763898150836e+01
5.531858926048994363e+01
6.863153784481971798e+01
6.001198704886595436e+01
8.838342541865560520e+01
1.528764791729213712e+01
6.897363814608688415e+01
4.698011648860609313e+01
2.450557122338168980e+01
3.381756275346463525e+01
3.904329395204837994e+01
2.203507133763496384e+01
6.221137207711475270e+01
6.496562348002673559e+01
3.591613347820564428e+01
7.798929253145310270e+01
4.363970600465611938e+01
7.001592611694427148e+01
2.803315713752562033e+01
4.980025555812511051e+00
1.184504179866396179e+01
6.697680296487105522e+01
1.481009197177452030e+01
6.088810767820802994e+01
8.459604758442802108e+01
8.712169878290137603e+01
7.016344785971354270e+01
1.842858713962841932e+01
4.903075248376290318e+01
7.783041294357283846e+01
4.262905042139169609e+01
7.259126822280994418e+01
5.466805371651105361e+01
6.409670389311438043e+01
6.622808297396699118e+01
7.079814734328375891e+01
3.369358447440890103e+01
8.894313537771566303e+01
5.537941619774284163e+01
7.551162997031451596e+01
1.784970233805638173e+01
3.383139111005430522e+01
6.383446334489799057e+01
2.428911086208909964e+01
8.428924896616247509e+01
8.270507916897635425e+01
7.766164229820432752e+01
5.967752329753310647e+01
3.558835937303252450e+01
4.176132130854471569e+01
5.612567830288702453e+01
6.845603695531622179e+01
8.909258375677318043e+01
7.842325102938555403e+01
5.743550814976888574e+01
8.238937502991618089e+01
3.742839628312842848e+01
5.405339731244895773e+01
7.706352845920547168e+01
7.154954258102198139e+01
4.034750147969836576e+01
7.455123761196404075e+01
8.044079355614682925e+01
5.637125782388625339e+01
5.714495030833592892e+01
5.681632201851596164e+01
5.821567725077482436e+01
6.347931213978336729e+01
5.657434561826138264e+01
5.412042287042378064e+01
4.519468197827652745e+01
5.023264348712464766e+01
7.324906477170786445e+01
8.346182595319466202e+01
8.714326568464528577e+01
8.869691191746379388e+01
4.047147091952189868e+01
4.042729874019291714e+01
4.228913881935517338e+01
4.430208010799846363e+01
2.304933808045582921e+01
3.857565943674691766e+01
8.393483411182492659e+01
3.679840112739785241e+01
7.224157781043211912e+01
6.462892737496429163e+01
6.594974834375729245e+01
4.047441224075358690e+01
5.266863175516289175e+01
5.778810521804823708e+01
7.983963551558433380e+01
8.482322416580765889e+01
3.593841591370167521e+01
4.761727588372969677e+01
7.130339787663508844e+01
6.697258944988249141e+01
4.026742226464490670e+01
4.707249544767037008e+01
5.744469623757198207e+01
5.033246501682707930e+01
4.555448225482945901e+01
2.741529882071032631e+01
5.001366049082197662e+01
3.018230163610327921e+01
7.342169445711935793e+01
7.960733266958033028e+01
8.704484898048974628e+01
8.687088886753716110e+01
8.875118161132256489e+01
5.976666333835272127e+01
8.597585157046101756e+01
6.524507309982524816e+01
7.854313588283922343e+01
4.184328193910316429e+01
7.752760252253112583e+01
6.408234871714256542e+01
6.417890365370392658e+01
7.577183839136323229e+01
3.423649086772054062e+01
4.181287897071440796e+01
1.294982310531760206e+01
1.694888563145828542e+01
2.581956250870597458e+01
2.596266937047185408e+01
7.309384551116077944e+01
8.970674406596491224e+01
7.420178172377768533e+01
3.422066692626816575e+01
6.128613289558135335e+01
8.982611497390803379e+01
4.460485198289325126e+01
4.335820580326718243e+01
5.035793059461159515e+01
3.497126886232680221e+01
2.543972678949950250e+01
3.373898931571294924e+01
7.931229821515854894e+01
8.420476737978833626e+01
8.265743985352041534e+01
7.546748321160437456e+01
6.694029333684774485e+01
5.729749120998210543e+01
2.911647280346288369e+01
3.621306624363491267e+01
2.969743273817014284e+01
2.136329071713527128e+01
1.564416999295476352e+01
1.672620778090302807e+01
2.745725877310897900e+01
7.354606829884593822e+01
3.075732122025265625e+01
5.506314257252264355e+01
5.492073317360132023e+01
3.086800717700905139e+01
8.209457725995653732e+01
6.849787770266893006e+01
7.117816679405358116e+01
5.195964896135107125e+01
5.053529993663387643e+01
6.369705414334698901e+01
5.277091989154335039e+01
8.033397858852406159e+01
6.815474370316641739e+01
5.367276291050860948e+01
7.793150585626788995e+01
5.809519304772759085e+01
7.788912444491849385e+01
7.065395909912435002e+01
4.760567306383818931e+01
4.815397876250945330e+01
5.156358351675267926e+01
8.864985443387614339e+01
6.952253621198514111e+01
6.381526594778869566e+01
8.701599938538456058e+01
6.747602036057008945e+01
6.167889749566999313e+01
8.743438315556410600e+01
3.021493635097365527e+01
3.624270065184382617e+01
4.850435114001489723e+01
4.842277902678527646e+00
1.605841599343897741e+01
3.323611642283816536e+01
5.410604592097209320e+01
1.572756225775075301e+01
7.421391741946084863e+00
8.709968410541686978e+01
6.116420173309298036e+01
3.058540060456630627e+01
6.248533011591707265e+01
3.466799774423638780e+01
2.503405665001890412e+01
2.440106608433865887e+01
5.533452857823719739e+01
2.814537316839951586e+01
7.692277189550166838e+01
6.856147809652780722e+01
2.203845892785111005e+01
2.257093896798128441e+01
5.596592571360397983e+01
6.792384896483086720e+01
6.653137845334141787e+01
6.874878853121118993e+01
7.877864677329841925e+01
2.928950497038981737e+01
6.369948528669711152e+01
2.519375067250358669e+01
4.237080319044544297e+01
6.136020315756885424e+01
4.091489949781679059e+01
1.204218061635663695e+01
8.863008777991896636e+01
7.556613093735651887e+01
8.286775409819978222e+01
7.808033363206537558e+01
7.210749955143731427e+01
5.561208414422910806e+01
7.681934585075097743e+01
7.823317218821001973e+01
8.030023706122592841e+01
8.418433750471450594e+01
5.707071521042779949e+01
6.122909010235395044e+01
5.394690738702825428e+01
5.964626071774432603e+01
6.512411822105448778e+01
8.342651534732380014e+01
5.762654069543882684e+01
5.717266099697064163e+01
3.200809551625322769e+01
3.546925374673119080e+01
8.203942764558537704e+01
8.620940860925200866e+01
5.300736311688804392e+01
6.575547194628721570e+01
6.046843185381594310e+01
8.926526329165167795e+01
8.605484467459115194e+01
7.423892703965842088e+01
6.710002912331255231e+01
6.620339373220822665e+01
8.279182472866386888e+01
6.744454205581179451e+01
6.883463791650356711e+01
5.380970153034597558e+01
7.011125768460523489e+01
8.840799562464982841e+01
7.569685257852540872e+01
7.727752706307421704e+01
5.603799568995266611e+01
3.693572840926989187e+01
5.052487700388305569e+01
4.395668373780652871e+01
2.529581940076291602e+01
7.441031633250696586e+01
3.615345467290425319e+01
1.106131906535959430e+01
5.979296284084437474e+01
7.123310832998939190e+01
4.131218314090354227e+01
3.609524832913182024e+01
1.624407908050661220e+01
7.967125407919351687e+01
4.391564262441646349e+01
5.907259140021285049e+01
4.808315069354949856e+01
3.705598690286113595e+01
3.598031536767333449e+01
3.549059492083110001e+01
7.503670075101528880e+01
5.222375867168723573e+01
3.776222248500431533e+01
7.600740631267613878e+01
6.825851832927985186e+01
5.291013455191959025e+01
7.316367830944213324e+01
8.715542553986753660e+01
8.300798379226962709e+01
6.264227976723046254e+01
8.719807389114762941e+01
8.705202329793908689e+01
7.966377715074528965e+01
7.286467687771582291e+01
7.364584909837660121e+01
7.546566749214301240e+01
4.884508646093471640e+01
8.206763696921582607e+01
2.365377514348253740e+01
8.761091176257109225e+01
3.419798475349426781e+01
5.491614533534522735e+01
6.666838060458382564e+00
8.797115506582234445e+01
4.251267396718974823e+01
5.091511064916956286e+01
2.849432094151676509e+01
4.839572766987133434e+01
4.800298361435755368e+01
9.759187062492481246e+00
5.130176271446279657e+01
4.478181073257562161e+01
5.933918428207775975e+01
7.699228997993093060e+01
6.089092708827190137e+01
7.699274219761994686e+01
6.021543005157041328e+00
8.814907890530851375e+01
3.346536902738937869e+01
3.064943052575661042e+01
5.052734864617099930e+01
9.454317445619327742e+00
9.649894827456877877e+00
3.121148691358250460e+01
9.080407433973928022e+00
3.364571125565768028e+01
1.799822330143679094e+00
5.709552306949635891e+01
1.227902835872575160e+01
8.683423384906500075e+01
7.378669983864298842e+01
8.645425311149749348e+01
3.658981612357619895e+01
8.271571215130198595e+01
5.285074159907662050e+01
6.316155145340987431e+00
3.342397451051959223e+01
2.720170708307726315e+01
2.097430189936527256e+01
3.352343886474913859e+01
1.652409454095501218e+01
2.004995923004206659e+01
2.374522311258960272e+01
1.443416700908256800e+01
1.378970154906432555e+01
1.472460867959186537e+01
5.805412960636105169e+01
5.333230711160133808e+01
5.600151753830178336e+01
7.345032507350319406e+01
8.988096330098321118e+01
1.400406183293022799e+01
5.014626871360911764e+01
8.236034660128218832e+01
6.588049064933476018e+01
2.036411587108743504e+01
1.863493239072558794e+01
6.252279367299861690e+01
2.017795571241694219e+01
6.044503394596002011e+01
5.363777988621488646e+01
5.705172762319600821e+01
8.893294065152927885e+01
7.027140299806575285e+01
7.599259422910976980e+01
5.290686616301330858e+00
8.062389842273178431e+01
3.977190989255230136e+01
7.292619920469525141e+01
3.979022277852750022e+01
4.025783618832736721e+01
3.102561442200329367e+01
8.400461438180711582e+01
4.000775660784646703e+01
6.588408055654633699e+01
8.153891129868108578e+01
5.968185816105465591e+01
5.191371971823006248e+01
8.584154056222072882e+01
8.341129538071946570e+01
7.998778365819930514e+01
8.193090570089998437e+01
7.849118463526211542e+01
7.607328944265694304e+01
7.057746479500556802e+01
6.286351063565107467e+01
5.602357611514009506e+01
3.350303219348495531e+01
4.041629115622766477e+01
2.259053075695505797e+01
3.692618680289842104e+01
4.577569446512802642e+01
6.563532893366833321e+01
4.924212056998951681e+01
6.660692286382393945e+01
2.647664526225901582e+01
2.525486677262569302e+01
2.638497137246929469e+01
2.050642214652862094e+01
1.656296761172880494e+01
5.575932816269303771e+01
5.387449951434326323e+01
5.403340277395800939e+01
5.476821290044174617e+01
5.075016107341660643e+01
8.619889543744957905e+01
4.455075061161133476e+01
8.319830757211559558e+01
8.949764800686618571e+01
6.157324068520254201e+01
2.077956310429935627e+01
3.728967089295290549e+01
1.073261304570701924e+01
4.372800958127736237e+01
4.825234223645240661e+01
3.958103052854569981e+00
1.856424191965453385e+00
1.824634441678429297e+01
2.776822603750547458e+01
3.800804522593524126e+01
3.836400395178366551e+01
2.336163950225947517e+01
4.779768376698913634e+00
2.384006956757479756e+01
4.075857462090310435e+01
7.275759051014628653e+01
4.338690940959891407e+01
1.010501014280151288e+01
5.884478684646700941e+01
7.859538495274478009e+01
3.911045482850180832e+01
3.162698332418393576e+01
1.830887038563700386e+01
2.933412675884730092e+01
1.591263156283877933e+01
6.191917650541254403e+01
1.011849517059650694e+01
7.778373779998890569e+00
9.210122055668737318e+00
7.997477348834929778e+00
7.248206056964166422e+00
8.406949678641463919e+00
3.818259561135064928e+01
2.066412498671293818e+01
8.845195075761662196e+00
1.778868353306533479e+01
6.306258969995633734e+00
