1.667103956038880952e+01
2.340575373309222229e+01
2.191693338616004283e+01
2.507260904365907095e+01
2.281261527135699296e+01
2.034457768840513481e+01
1.181901654293545434e+01
2.246351079945870577e+00
1.913859838360334464e+01
1.685806804592470343e+01
1.461033633126600328e+01
3.619498849862483070e+01
5.237251967179663126e+01
7.744982586878312247e+01
8.464778695997783586e+01
9.109018386743893814e+01
1.676981525282071175e+02
6.456891222877443681e+01
1.129957534344027863e+02
5.072512902816319169e+00
1.386187952730303152e+01
2.380040667144065125e+01
5.547086013716040753e+01
6.410947383122170606e+01
8.158405067834885926e+01
8.206005500379731643e+01
9.061586940697219461e+01
7.041407235052695057e+01
3.337915530788699670e+01
4.305046503574424577e+01
7.216252137855299509e+01
1.599335553492458644e+02
4.883234058524663368e+01
7.035550740733799557e+01
6.508256281534869458e+01
2.674851252651314226e+01
1.735047713201077784e+02
8.638879964515611576e+00
1.609050936523415771e+02
1.150643423831360046e+01
9.843584897535241396e+01
1.820247842108019043e+01
1.572267546081164014e+01
7.988869316632373874e+00
1.235949651141532613e+01
5.190976100505724666e+00
4.694063703992608083e+00
1.310312934289318720e+00
4.537026764778893551e+00
4.916213335296037434e-01
8.836531346139617327e+00
1.496044257900842389e+01
2.787209346525449050e+01
1.078903408361004921e+02
8.905732195943400598e+01
9.040021448280946004e+01
9.404511700469765856e+01
5.830922133346947334e+01
1.395508231925439873e+02
1.178316057328570565e+02
1.352424591640825611e+02
3.516213993862480436e+01
4.175497644525096064e+01
2.683791809129283479e+01
2.023273686304325025e+01
1.116112284860238191e+01
3.691762822938208455e+00
5.030052140453370235e+00
6.299140716050938060e+00
1.077705924853536423e+01
1.414723339224057597e+01
9.698169979110315353e+01
1.244543634343038434e+02
1.297386288130855974e+02
8.442022383493721804e+01
9.148451897866263494e+01
1.168820153875179813e+02
4.774952520908746578e+01
1.629518944572911323e+02
4.081047310924538607e+01
5.100147353054184407e+01
2.296921889119808569e+01
9.107723569109536399e+00
5.153742932362326279e+00
1.555157263591851580e+00
6.981537134574106851e+00
2.930095923363779775e+00
2.883859639423761223e+00
1.034826993605221368e+01
3.361310803110830392e+01
2.091877447461548911e+01
1.273111343848606225e+01
6.913735139708637689e+01
1.427280473164093735e+02
8.431571859246639633e+01
8.975728139998645361e+01
1.722857239915362868e+02
8.109396833181126851e+01
2.406885225280214868e+01
1.267801971173784636e+01
1.309889356764205637e+01
1.789799020761306281e+01
1.129107682953030078e+01
9.565394093392484365e+00
2.989202841260247379e+00
8.322540233885517225e+00
8.171409021078524404e+00
1.372726786075967276e+01
3.428200520765854975e+01
1.317311993329247777e+01
6.468142291164077129e+00
1.251294152064620135e+01
5.981549789443109688e+01
7.003943550926226180e+01
1.368048225253158421e+02
1.538311688332884728e+02
9.170863606522141609e+00
1.504430498911361980e+01
1.138140674982402345e+01
1.361076255508215738e+01
1.694100420777686367e+01
1.610129877097924478e+01
9.917359612497229193e+00
8.414165446153365480e+00
3.112587515572144081e+00
1.456841174200535161e+00
5.724228371915922153e+00
1.175610999355147435e+01
1.895243943556648603e+01
1.505844336972418773e+02
1.279426457400857231e+02
3.542801618222404159e+01
1.273365547749705513e+02
2.913254384639636640e+01
3.049766764847138845e+01
2.913986668484910680e+01
3.040422796721427545e+01
2.860755530133269176e+01
3.129068789859397270e+01
1.944267233092664782e+01
1.567993930657412172e+01
1.129096343120939494e+01
8.346305123509360158e+00
1.013425831429545809e+01
1.670611354668644566e+01
3.682974882958590257e+01
5.017965230740514215e+01
6.597142143569190864e+01
1.179968948972768317e+02
1.773463615040408854e+02
1.255673629346307081e+02
1.421994586949374195e+02
2.063932428497077609e+01
4.198192924489072198e+01
8.920808112207278384e+01
1.221911934374088844e+02
1.789016535311667724e+02
4.738241662246677066e+01
3.367686045303411646e+01
2.086232351426385279e+01
1.341048614643123216e+01
5.916919058766825223e+00
7.965562917837924140e+00
2.104061612880439469e+01
2.888401898233486875e+01
4.211556292831709669e+01
4.433880179870740079e+01
4.255266080922460503e+01
3.732729880353162599e+01
5.857124000328639113e+01
2.572582304791325924e+01
5.122051310297698024e+01
1.704316820751091655e+01
1.218515528141906934e+01
1.318769489767206338e+01
1.896914222695829721e+01
2.233934062316955860e+01
2.063183759982400645e+01
1.128409058494851536e+01
9.364836515997875921e+00
5.616995705421793161e+00
2.837246438774322588e+00
1.130425807669148686e+00
8.666534330190074797e+00
1.326286670257632316e+01
2.570279892966522439e+01
2.695337538974593983e+01
3.241816246629163345e+01
4.783490519664682949e+01
6.045389278783891740e+01
4.196413148778442093e+01
5.795402586398744660e+01
4.113103070483673918e+01
6.667917453413316764e+01
5.026890650038984631e+01
4.244000163120515623e+01
4.173362883291046188e+01
3.432468562675239099e+01
2.104887956414553685e+01
1.031463203097324843e+01
4.588385757353799832e+00
1.112344055095884698e+01
1.372832184673083233e+01
2.398078876130664483e+01
3.448809531171308862e+01
2.598686770839887217e+01
4.247473234793916674e+01
3.429692996498925339e+01
3.937559932628707315e+01
1.126580229909725084e+01
3.042648100796794353e+01
3.418469905957195465e+01
4.421234047243984833e+01
3.554321349857875845e+01
2.653828106898194505e+01
2.794228118330632071e+01
1.963479232541192587e+01
8.354421835307785926e+00
1.289367588790277575e+00
3.526726617684750931e+00
7.924434217132671598e+00
2.359082473723151274e+00
1.932092876974635232e+01
1.808131344205523305e+01
4.232977862643283906e+00
4.427166760061801654e+00
2.282898378531365235e+00
2.710696369591214605e+01
8.039773257217243341e+00
4.996269877516427371e+00
3.833699667454760096e+00
1.978831092860235685e+01
1.815397774497448680e+01
2.097790087324388608e+01
1.639278576217755656e+01
1.154058100725931091e+01
9.616915409583651098e+00
3.806564609547065103e+00
3.996878068442064613e+00
2.497742025754196682e+00
7.429831604652564536e+00
5.467899098150498460e+00
4.578002632667154792e+00
3.403826720758617697e+00
5.559477788586158375e+00
1.603672129849437766e+01
1.795407248780517051e+01
4.008531785621523369e+01
2.697154588922953877e+01
2.270812815702968379e+01
1.969872872297721145e+01
1.816490473380439497e+01
2.583514576606725655e+01
2.937595437829144984e+01
2.801979555361029028e+01
1.394218749621316356e+01
9.508341627487936876e+00
4.871847545560505033e+00
6.076716366218763099e+00
1.122485208762377340e+01
9.974664600257824532e+00
1.105801366867986957e+01
6.501984394242878551e+00
7.691293218371757945e+00
3.394596858183304278e+01
2.298484821251640398e+01
3.787226603828108296e+01
1.813469952271739061e+01
3.608266436616880668e+01
3.710172256429596160e+01
3.032810630265295160e+01
3.062648012317178470e+01
2.895998568385349614e+01
1.788241829867909871e+01
6.881866346777070653e+00
9.023427432116587710e+00
7.433281807315669454e+00
7.056755926772650511e+00
2.534579861023599445e+00
9.416439180900579853e-01
3.541286352924855052e+00
4.043559705553002459e+01
1.787502054249148102e+02
2.316029742512898792e+01
6.288084526712234634e+01
1.786151067530215073e+02
1.298519843164343399e+02
1.163034088396397721e+02
1.671079167059797896e+02
4.141177191187195916e+01
3.113665181447759167e+01
2.667564397045112301e+01
3.311599522218303804e+01
1.398009518050701594e+01
4.783300795586052701e+00
9.482330275005052656e+00
2.602141057567332538e+01
4.102285229901879404e+01
6.718966621522183402e+01
8.521393810073399777e+01
1.046767302430054656e+02
1.158689292838668763e+02
1.369258540518690097e+02
8.295214958834124275e+01
1.734898480751902810e+02
9.137299488975696704e+01
1.740741654581348712e+02
1.745863670340494025e+02
1.537898077697562087e+02
1.298065120352797521e+02
1.962993698159099765e+01
1.208331412185598808e+01
3.061625435985380150e+01
1.710400003165924332e+01
2.020399063327790756e+01
4.555448858261740952e+01
6.042594503552680152e+01
6.766066847145138752e+01
1.649546049548198994e+02
8.959160981642477850e+01
9.835417686703493700e+01
5.378564359969404762e+01
8.879102179206634560e+01
5.822747147398712997e+01
1.743742055618172060e+01
1.413008322977467479e+01
1.209107003977888795e+01
1.034403385691611632e+01
1.149511146164984865e+01
1.797706263579050585e+02
2.195811475988595163e+01
1.367868550248692294e+01
7.734844126482468774e+00
7.185420726180367978e+00
1.483758371615775928e+01
2.807635020207813525e+01
4.081545207002399422e+01
1.328784107301582473e+01
5.509278941056812329e+01
1.794061206142691844e+02
5.390927397213100392e+01
7.862448051766412505e+01
9.704552544044661033e+01
4.923100011289793088e+01
5.021390997305207549e+01
8.990068747471636357e+01
1.677512844638211504e+02
2.508894740325870387e+01
6.923745191231779472e+01
5.124697679422667562e+01
3.455193493556541995e+01
1.528957879003054110e+01
1.878764907243132143e+01
3.269841480175921333e+01
4.238751316826801485e+01
6.904191397757952586e+01
6.225991579632496808e+01
7.033882138417642871e+00
1.712551524564098884e+02
1.664469186980593207e+01
1.328184071109709805e+02
9.445379499444761962e+01
3.337482687499189637e+01
1.520264032016369526e+02
6.806500741700050128e+01
9.531643009017670920e+01
8.025879221126878349e+01
6.772925134693137750e+01
4.996950014092031722e+01
2.656318248330980225e+01
8.694295573173082659e+00
6.738697946537579142e+00
1.293793652745399569e+01
1.100527051612808727e+01
9.379024723237707306e+00
2.163405809743770725e+00
5.924665454624184591e+00
1.830198740272191316e+01
1.665816679839047865e+01
1.401008597744072404e+01
3.008125879633389488e+01
5.711757133655230945e+01
6.417870036241173359e+00
2.483854193119989517e+01
2.724955574382962808e+01
1.904071578176973745e+01
8.999015304295721052e+00
1.514362946829443946e+00
2.158583984847636916e+00
2.856789350787195758e+00
2.072597539186871618e+00
1.826676067510734303e+00
8.005852921482690121e+00
2.448822881586637834e+01
4.787192592465866170e+01
8.332020396015199992e+01
1.025889675198970679e+02
1.751595882125692754e+02
1.773773764694954878e+02
1.162225106005053306e+02
1.670653524407693169e+02
1.606030677473631272e+02
1.544915013994222761e+02
8.436428684759125929e+01
1.342566192676682988e+02
1.790863767122384616e+02
1.301875317336548221e+02
5.730902835157427688e+01
3.078962152255002849e+01
2.278040068598915013e+01
4.375659799406524542e+01
6.605771908722671526e+01
7.662572863953758429e+01
9.095718794925785744e+01
6.854674029189446571e+01
1.473275936034874007e+02
9.257946170070924552e+01
1.270188250440476274e+01
6.171572848768907704e+01
3.975918658534990158e+01
5.640937308017749530e+01
3.935262646103105766e+01
4.834165426366936202e+01
8.473312303513912980e+01
1.470564995195285576e+02
1.673998132761540489e+02
1.643553518515375913e+02
1.460656860781142985e+00
1.079966990223738854e+01
3.759219164744646235e+01
6.376433416238550222e+01
9.462246996751498784e+01
6.423474729582751763e+01
6.150936438563358877e+01
1.749960109089093692e+02
1.058909884545104347e+02
1.406286646611198137e+02
1.614507471621407433e+02
1.753104951022688738e+02
1.380377062357837303e+02
9.930041762236753300e+01
8.960809992182177552e+01
5.880670057823027008e+01
4.081314217984945003e+01
2.303432902185990017e+01
1.588670120450993650e+01
4.942891997239535762e+00
2.490777720139630613e+00
1.037771787025786452e+01
1.811794354318155342e+01
3.254884057113159201e+01
5.701413800156205980e+01
3.738880002174341399e+01
2.808262651046926806e+01
7.963839508323459881e+01
1.331509452207053528e+02
4.529429661828852005e+01
3.306774273158560362e+01
1.770709130594944725e+02
1.125585852105217413e+02
7.827895372522667117e+01
8.003898118133230355e+01
1.655306556575730212e+02
9.184242699420353517e+01
5.646694322924573584e+01
2.765235618084978597e+01
1.960341669262315278e+01
3.752271679584823971e+01
4.436358436279877537e+01
2.649152493384562135e+01
5.544162197106274448e+01
7.304628755785658711e+01
3.019755772931865678e+01
1.555089493657136757e+02
8.556089745788375467e+01
1.644614926001708000e+02
6.139550961083345015e+01
8.853069473940279011e+01
6.138663884187999997e+01
1.742652621651749456e+01
4.860663795442204815e+01
1.745781331714895543e+02
2.901412651083595406e+01
5.833731910232666706e+01
3.369306217553988603e+01
2.916639346279139033e+01
5.940126331822297345e+01
8.075825563638929339e+01
1.029216822801517850e+02
1.778174301497734291e+02
8.521091739007974297e+01
8.451090864731607155e+01
1.420428781117323069e+02
1.354401813415164497e+02
1.351203367126257717e+02
1.569709187713321228e+02
1.547019688215915494e+02
1.776428217459886127e+02
4.689798249381036754e+01
1.170512253489634986e+02
7.038696917676993792e+01
4.508657698420478965e+01
2.310857426290302641e+01
6.606180723946438960e+00
5.932398746617015384e+00
1.860131467524101723e+01
5.084265336775047928e+01
4.223065031580286899e+01
4.855476620948852684e+01
1.311879933824252475e+01
3.313522230816251124e+01
5.684754772958418556e+01
1.859508152438197826e+01
1.647640814876666582e+01
2.396494144266516191e+00
2.770089679859185594e+01
3.204858059427349559e+01
8.052875037257921065e+01
7.902464127619310830e+01
9.152995591509757389e+01
4.421656950778132966e+01
1.772681870125230930e+01
2.830590964604639659e+00
4.856313277681494789e+00
6.469301252475700537e+00
2.577187825379284369e+00
1.346913206542101804e+01
2.667392155428597533e+01
4.989863191599467029e+01
6.230531613323405082e+01
6.509643459886561345e+01
3.326808746892966440e+01
4.910806204624375937e+01
5.745694546041188744e+01
3.187785805522742422e+01
6.166964496933125162e+01
1.433728117643667588e+01
4.089940416081929442e+01
2.151458166767863034e+01
9.637478199522567124e+00
2.851875461511580667e+00
2.630964029685719741e+00
3.144808838606517831e+00
2.583237018484179082e+00
4.063630822124514097e+00
5.266350408061156507e+00
4.486762126398173223e+01
1.082364877599012942e+01
1.459687289283038751e+02
8.914365482333080593e+01
1.715361216871054069e+02
4.776924999927958737e+01
4.945468616063366341e+01
1.341119105202251660e+02
7.639446185751246787e+01
5.430516619687494284e+01
3.708388838738246562e+01
5.673290549568062602e+01
2.025735555478421546e+01
1.459663132780765338e+01
7.391816969442532859e+00
8.919445558147264919e+00
5.476061121337506421e+01
3.509255252904178235e+01
7.010798506503448380e+01
6.536882694117228709e+01
1.077291166270087928e+02
6.842993880239866655e+01
8.455452169410888530e+01
9.876255774403834664e+01
7.312114230380171875e+01
1.654195953664428487e+02
1.413251362550080046e+02
1.121242266325334072e+02
1.622295845584331460e+02
1.697618868781426329e+02
6.583163032911981816e+01
5.230539528403252802e+01
3.869557801009719356e+01
2.349622725448343985e+01
2.483517554235972469e+01
5.573994316009478212e+01
2.502688700995059889e+01
1.224475161267052528e+02
1.713780918181968502e+02
1.498670456294489384e+02
1.642896099430410572e+02
1.107952700846439456e+02
8.611996460039989643e+01
1.237794812122560870e+02
1.424388637997927276e+02
1.415890655538608200e+02
1.253710771355476794e+02
1.806857712028492102e+01
2.121566506831689836e+01
3.717817412394577303e+01
2.703714582859008075e+01
3.068707053931835915e+01
1.698617067235478473e+01
2.041285013383666325e+01
4.616814899026839214e+01
4.808878981216730608e+01
3.456979125852651435e+01
1.438777955193664013e+02
1.625456737334234276e+02
1.484265854861672835e+02
1.579553778287006764e+02
2.738755674444571042e+01
1.691811747629872684e+02
1.662855040337185528e+02
5.905492557154579991e+00
1.931158774993889793e+01
5.256588943999853214e+00
7.022853014956043971e+00
1.770663865568880624e+01
8.784798693586795437e+00
4.999104518206133996e+00
2.941761609907179054e+00
5.515225028583835787e+00
1.247104384303289315e+01
1.596786499433155271e+01
2.103707339781103869e+01
2.539321721928402198e+01
9.353967916398728377e+00
1.661097749741908558e+01
2.790811180304136130e+01
3.219437998617330265e+01
6.128412174509240629e+01
2.628423920399468372e+01
5.635592324330487912e+01
7.520888567437967254e+01
1.785350509124781482e+01
9.228402827432910271e+01
1.443161499834285451e+02
5.068267009519813016e+00
5.227471081550344678e+00
8.514032167624911551e+00
3.787255825189571112e+01
6.562004068753884667e+01
3.954709811304412170e+01
7.756773465385916211e+01
5.949685172970914238e+01
8.156010307674024773e+01
9.730490249270967240e+01
1.337829940477031982e+02
1.592245633533786418e+02
1.546307843252486691e+02
1.358020520791876606e+02
1.751142978702831385e+02
9.704838867842190098e+01
9.013006519462619792e+01
8.103587052025234527e+01
9.728179794618915821e+01
7.313025074849728924e+01
4.791419292509869621e+01
2.440775361963862622e+01
1.769074303330290121e+01
3.829579709953721078e+01
6.043011619585504235e+01
2.782833170525312383e+01
5.461936568602281739e+01
1.726381893498474369e+02
1.120160278999951089e+02
8.002875256912732027e+01
1.582452399241378203e+02
