4.653872513263770827e+01
7.085898648849462234e+01
6.924524433795207301e+01
8.415634067170347521e+01
6.492957956453585666e+01
4.954419061796912871e+01
3.888626862550037799e+01
4.205583905238381881e+00
4.333741236075836945e+00
9.846914864258387468e+00
3.816758487487938112e+01
7.990531723232987815e+01
5.586574749459227718e+01
6.545771168676891705e+01
6.394531229123857230e+01
5.956175455312714462e+01
2.080645047667221803e+01
7.578802263258323535e+01
6.631988362166362450e+00
3.776495562390256566e+01
1.675810587521401374e+01
1.184067144954363648e+01
5.568293191446478829e+01
8.918199673402911287e+01
5.064246933316768917e+01
1.210617542730539853e+01
5.001938105461741912e+01
1.541352095846952430e+01
3.110556971948215832e+01
2.066870412486858655e+01
1.077265666821223178e+01
1.106433269534984198e+01
2.505860702160372266e+00
9.213788684595044742e+00
7.961552298737076683e+01
5.049609473886290090e+01
8.092095344666574874e+01
1.408514303214130692e+01
1.592594298762661076e+01
4.983696917422017947e+01
1.187309632558692307e+01
5.985478534932241246e+01
5.138584168525955675e+01
6.435474109208306004e+01
4.662319450869218684e+01
6.524488536088445301e+01
6.026544867987223597e+01
6.496165185586943380e+01
1.682697402049440782e+01
7.353799405297601766e+01
6.677704270647591045e+01
4.733876268931512499e+01
7.776926970191641431e+01
2.364341225928718870e+01
7.679393000113496726e+01
6.922520171033082192e+01
1.887423072273401559e+01
4.388617636793523502e+01
8.877220138233104763e+01
1.619215962386795837e+01
2.382236676406953535e+01
3.621101966971671970e+01
2.966786113849875761e+01
5.922299702774454744e+01
4.944148025509394984e+01
2.483545299585745170e+01
5.162062535218623793e+01
8.108226207070137548e+01
8.203982757365844236e+01
3.181588580205397143e+00
5.561503776012101952e+01
6.916258967074860209e+01
5.328777130267170747e+01
5.410324270719444684e+01
7.001480659708988696e+01
3.130135150099307140e+01
7.121742618138834757e+01
4.081538569745136158e+01
3.471422309062017320e+01
6.714904209254919465e+01
2.294750800596580120e+01
6.563583803572652187e+01
6.065675596314070361e+01
7.161367176234382015e+00
4.347177281517681280e+01
4.804448716853565671e+00
1.970909427497652899e+01
2.778227656442974691e+01
2.582854399019615954e+01
8.920524259098704078e+01
4.328140354676258994e+01
4.739430854591354603e+01
7.681984751202078598e+01
5.486115834107084765e+01
2.573171919869241364e+01
1.443005806667109248e+01
5.592623127685647688e+01
4.853300557309789554e+01
7.164316051049517853e+01
5.150760969263100009e+01
2.185336227452545188e+01
5.808218058466039224e+01
4.752828306954973669e+01
5.350815447781564416e+01
3.551476992368306185e+01
8.523169984057494730e+01
4.737082437949995040e+01
4.893108699976507836e+01
5.955296359300281495e+01
2.721181299143377785e+01
3.812890856926372862e+01
1.196381857158939255e+01
4.889134378300368411e+01
4.851279254488808590e+01
2.975714398849520848e+01
3.860422743186782668e+01
8.291313556764373516e+01
2.215315055868597227e+01
4.131509516935719972e+01
3.685919191004241213e+01
5.002782699860974702e+01
7.879669109678249583e+01
7.438811528814787266e+01
4.102971449875297338e+01
3.087034853249562261e+01
1.100328503098054611e+01
1.039533769382162376e+01
9.272608897788945370e+00
2.102825496198165922e+01
5.603205448628153285e+00
3.694198820244326953e+01
3.694595015276724581e+01
3.223014285763610332e+01
5.050433293801390278e+01
4.531538323068524221e+01
5.188607246764659209e+01
6.720051191730374285e+01
8.134010444686022367e+01
6.319350247239876239e+01
7.308515960713198467e+01
7.888251765515620662e+01
7.246123053421372617e+01
3.187429334403960723e+01
6.670364570608033716e+01
7.341148667071357181e+01
5.600623652095753613e+01
4.938659632283678036e+01
7.788267904104469608e+01
3.209241056214053600e+01
7.614605849743172428e+01
5.843625119389423617e+01
7.707115401082032236e+01
4.174338358092216339e+01
2.167617582915960739e+01
7.966897287982965281e+01
6.525674697279231395e+01
6.491700060312967935e+01
5.230429488208240052e+00
9.165959539290337688e+00
3.495371104589444400e+01
1.321869196630499133e+01
7.548699797041737725e+01
1.006773767070251502e+01
4.692639831027087638e+01
5.276779418991335291e+01
6.199999841707917625e+01
6.280853937401641929e+01
5.087074778721451906e+01
4.982366150381891856e+01
4.794179203818008972e+01
8.676231888555491878e+01
2.870166473243214256e+01
6.678671566412523930e+01
6.415338031335963365e+01
7.362014704812207810e+01
7.912141740803302525e+01
8.804685129797616128e+01
8.835950420721037801e+01
6.679373734623534631e+01
8.165605438808462679e+01
7.428557667589635116e+01
7.637445946997303281e+01
6.906282631206956069e+01
4.369554715689017144e+01
3.333710486994467459e+01
1.880426505599267273e+01
1.229770075405279606e+01
3.397318989013625412e+01
7.365435770080917166e+01
7.497094966970647079e+01
9.703438317790366696e+00
1.967807886109825155e+00
3.285889957291824004e+01
1.538850997894160422e+01
2.910106079482397590e+01
7.655640637875114862e+01
3.096504223152395241e+01
1.296688742359534707e+01
2.027170664073457829e+01
7.968928693967442634e+00
2.276214870969232962e+01
7.667186959710688754e+00
4.241666163677312973e+00
1.352672475784354589e+01
1.973584429598764700e+01
4.194458006735347055e+01
2.160365761545768137e+01
3.491805296151537163e+01
2.333294467569545816e+01
1.789263344504882625e+01
6.857870876487621103e+01
7.021013073942511085e+01
4.691796946605409602e+01
6.387987136095794938e+01
4.907048913576463178e+01
2.151189090121747682e+01
1.497409935473609366e+01
2.995956126301123135e+01
6.519527244547965950e+01
2.069866641826074982e+01
4.304905854260582032e+01
5.730754858620240810e+01
1.035603739032453063e+01
4.236813111991837744e+00
5.006589700909623630e+00
6.354568926552369135e+01
4.428420116269687412e+01
8.793107964848439906e+01
1.118512182347721229e+01
5.416397075573184594e+01
3.368614003654590050e+01
5.075543006129043277e+01
1.552103657384224178e+01
4.805225812612503944e+01
3.753911565050604793e+01
3.410049695852866591e+01
4.357520964939080699e+01
5.372187417487118211e+01
7.382797333489263281e+01
4.133504599938207491e+01
4.350163815262985878e+01
2.854068391642278257e+01
1.511881869615179319e+01
3.207191980242442497e+01
4.314749322741931081e+01
2.631916776264526092e+01
2.231529615119179866e+01
7.047614194312431835e+01
4.669221902782769007e+01
5.042137855483091613e+01
3.227040922359263675e+01
7.263511452113677080e+01
8.599567939338301414e+01
3.241420921364899499e+01
5.178689940650805568e+00
2.394709067505961642e+01
3.782175598976662911e+01
6.724279160377292897e+01
4.141862131372823796e+01
4.363807327930542357e+01
2.661962736145461861e+01
1.974899229525214039e+01
5.779405364994972416e+01
8.768017913589278578e+01
3.000484989445958561e+01
3.922689486374264334e+01
8.272492590650981015e+01
2.966982753798094308e+01
7.436189866301769769e+01
7.402621935786862650e+01
5.742823779826697717e+01
8.954719133367233042e+01
7.551309001726160375e+01
8.712475709327044626e+01
5.085493944046331194e+01
8.207707695202395826e+01
7.478543969035685279e+01
8.805751890786015679e+01
7.031455615802866532e+01
4.423013347864155520e+01
3.073006939170985774e+01
4.492354294563435246e+01
6.655303555960966833e+01
1.635013594841263185e+01
6.599302413189582239e+01
4.643855602547249362e+01
4.234992526102776367e+01
6.423157476305745206e+01
3.163423315327938212e+01
2.387350043667881039e+01
7.777050290332290672e+01
2.591015281203455700e+01
4.149083137122306653e+01
2.468164039631927764e+01
2.997724880183408303e+01
7.973029830448254529e+01
4.084649714767358120e+01
4.536548835339019803e+01
8.497705994122336293e+00
1.946377366625603500e+01
1.656820409695857421e+01
6.270320092700459469e+01
6.392413556031443278e+01
5.733539691973307839e+01
6.201832175889961007e+01
4.190498986139586890e+01
5.254389557497835028e+01
8.717781752722984834e+01
7.064521232793370586e+01
1.310465859253713106e+01
8.543030644146794828e+01
5.067917270868768753e+01
7.116584538602963050e+01
4.749938288334783465e+01
6.118791089260038518e+01
6.046621822559578874e+01
8.083969573117147434e+01
8.557092453828985867e+01
8.095408631552943746e+01
4.547695129790229274e+00
5.568474663854283335e+01
6.693821291031962062e+01
6.058012744081351997e+01
2.011449781979814233e+01
4.447918029193187550e+01
5.385537525902643097e+01
6.666738929738188801e+01
2.763223329525688143e+01
7.942616978012499374e+01
6.478702304707383064e+01
5.852664184805811232e+01
7.124138028173139503e+01
6.284646263862860138e+01
5.369612715908539968e+01
4.946471234861866151e+01
3.072943032175421152e+01
1.971086547882189421e+01
1.075458893144177708e+01
1.228165060559812538e+01
3.210706706682812950e+01
2.592141996890119415e+01
5.204697589197406415e+01
6.910617661441948201e+01
7.423101491416232989e+01
6.047922454741076592e+00
7.342575814237910947e+01
5.001863442326097697e+00
7.787991362839046872e+01
4.723339632525141951e+01
3.914242248362044307e+01
2.986342923701767305e+01
2.351187372058511116e+01
6.642407259189703872e+00
2.855809411350915283e+01
1.139847378463004901e+01
4.469579348592976942e+01
2.529308669382812269e+01
5.732362773135608336e+01
6.435836605153953371e+01
4.396206368279950993e+01
6.546813068882343600e+01
3.156999306127727323e+01
3.242271691882479701e+01
2.970235852663034848e+01
1.190858206901382310e+01
7.840045151013049463e+01
6.532000396922229868e+01
3.295133444911041209e+01
9.125724256839298221e+00
8.297910741227897802e+01
6.534476386718938556e+01
5.840365805842210989e+01
6.050913339626357157e+01
8.472074451616097690e+01
5.499837523977268461e+01
4.141676405897607793e+01
3.219476664697293700e+01
4.038056457399333965e+01
3.831986795649049071e+01
2.658829398034228575e+01
8.252572414210202112e+01
8.417924688524949772e+01
4.463948191371088114e+01
3.660425179390588113e+01
6.828099402025394227e+01
5.537973985270343036e+01
3.620756638370505698e+01
4.192030871290537419e+01
4.133718883293262536e+01
4.269716731319750380e+01
4.024942395243439819e+01
4.241852674342882068e+01
4.221582897955229896e+01
3.470182956677626862e+01
4.521612997840493620e+01
6.164883465439014287e+01
3.783871685268179164e+01
7.468500972899764179e+01
4.369548922278936232e+01
1.092203437993888748e+01
2.654215280735749261e+01
4.947302714365047649e+01
5.177558075272174420e+01
1.983085366207404832e+01
7.267492064717094991e+01
4.679002921501589185e+01
4.011173960049054443e+01
3.596772807698563668e+01
1.682081589132998189e+01
2.410730937739270630e+01
3.763458840134118333e+01
5.161264345553912136e+01
3.936355669781405453e+01
2.948287103669583686e+01
5.060517652690387536e+01
8.190745406918006211e+01
8.463148630526842453e+01
6.605000073851600462e+01
9.675665796417343145e+00
8.788627093246709876e+01
4.556337390548148392e+01
2.180719918486118658e+01
2.894111647860230363e+01
5.479794740955835408e+01
5.755177794368815825e+01
5.979742949602925250e+01
5.746934182102008037e+01
2.193334324086718823e+01
6.580736470490184331e+01
6.308330001822534427e+01
7.154557861467824864e+01
5.973369322111517477e+01
8.497510266339935470e+01
8.923425277620064833e+01
1.667319735750060516e+01
2.814784167548759086e+01
8.371717062605259230e+01
8.413731086568057549e+01
2.730595198597594475e+01
5.770112331186943067e+01
7.005169918794237560e+01
6.953361707016074433e+01
4.845978118620213770e+00
4.867742702477826100e+01
5.925868861367532503e+01
8.733620288476539884e+01
6.778133211212080766e+01
6.669851223323200884e+01
8.366082716263750285e+01
7.716167104779658814e+01
6.472287047659941095e+01
4.455097492610053678e+01
3.934656963143473263e+01
5.869919100563004832e+01
4.705333536537781214e+01
2.926761976835276968e+01
3.090000018578363239e+01
3.901293959508971909e+01
4.473313888921271086e+01
4.664974780447202107e+01
4.427798752239167612e+01
8.309990032864426723e+01
7.904361375006949686e+01
7.695087357319835064e+01
3.952355089715086933e+01
1.676733799348646414e+01
2.799114428258017284e+01
6.079198498953616081e+01
2.375120827246766098e+01
4.724260261936766625e+01
4.623651362792963226e+01
7.933157397131427047e+01
8.920184407860085685e+01
4.782735601929120151e+01
7.103343508265710682e+01
8.721710910747563616e+01
4.024325505952367621e+01
1.278174791770130980e+01
4.175511591226259611e+01
2.536489584974906109e+01
4.841026906374099070e+01
2.156482368044545339e+01
4.658177211136173668e+01
1.719043462330928307e+01
6.554664374017778528e+01
2.736942986445223980e+01
3.902547446138547649e+00
2.221901127989918123e+01
8.432029993094367626e+01
7.295750012407755491e+01
7.945898687922786507e+01
2.350406964438386126e+01
5.190262609589131415e+01
7.387393383253200341e+01
6.910633003007889386e+01
2.323671476927023960e+01
1.297194804665981849e+01
1.421434053420267674e+01
1.532258895980697666e+01
4.206113317215023528e+01
7.371406142408038420e+01
8.865493782540485768e+01
8.980988362336083242e+01
2.194285888976236976e+01
1.459340629419299695e+01
7.058436990921229892e+01
5.988641086760458876e+01
3.191045600975506247e+01
1.716857236802677988e+01
3.452389251189996600e+01
2.854215741615999491e+01
5.894619894668501558e+01
2.150941115254377323e+01
1.100358684579511603e+01
7.397984421048499826e+01
9.631544658403489834e+00
6.588327461089627946e+01
5.088778553160818063e+01
8.057787778430778758e+01
7.249202671888674843e+01
7.702900980917108598e+01
4.240682054543953683e+01
2.003183866538190827e+01
7.937570143021439151e+01
5.319262343464210829e+01
2.963894766472137832e+01
1.294417259101415851e+01
1.926386047395723011e+01
5.966552019032294396e+01
7.272920517466856438e+01
2.155456078257296326e+01
7.846782871603576837e+01
4.849836120375316284e+01
4.307909311977258682e+01
3.357270361485360155e+01
3.612439709591419046e+01
5.118785861643532797e+01
1.789383939758019793e+01
1.048861437632458227e+01
1.494399133068528052e+01
1.746581560599539884e+01
2.013755055182274134e+01
2.126651023101138449e+01
2.180781925939090016e+01
2.272889173331510193e+01
3.971761863404862680e+01
8.456706827826718609e+01
7.874764403466977569e+01
5.010663262460129630e+01
6.012641566095673795e+01
5.147761941008395326e+01
1.277866057382200893e+01
1.520259463019919366e+01
7.253788839131028965e+01
3.833290305366033834e+01
1.132528464519302958e+01
2.545133544690686023e+01
9.380054490132197387e+00
3.518345562556092432e+01
3.593212406905946210e+01
5.433621673104464378e+01
3.090711011064250968e+01
2.559808732783512752e+01
3.643002751932471028e+01
5.187827999765115550e+01
7.358093727199157286e+01
8.764856562910310345e+01
2.761102819385073914e+01
5.812113011715199207e+01
3.761910271980519127e+01
4.299008323548655852e+01
3.692560764818790631e+01
3.275185992304022875e+01
2.440897735565278381e+01
2.548844711304722921e+01
2.186813115805767538e+01
1.681229564633061102e+01
3.034899381798442519e+01
3.773365787318694942e+01
5.888713138014113468e+01
8.020661405934323795e+01
5.045371056865496939e+01
6.610209765691865691e+00
1.622187246136790506e+01
3.253999393335834611e+01
6.108066882162670908e+01
8.062501361052996174e+01
9.180320340818127534e+00
2.143693032780297969e+01
8.733279954358175701e+01
8.651542380086479511e+01
4.235935179941157713e+01
8.872288629940769056e+01
8.492417091853548072e+01
6.844140293426438859e+01
5.536941117930437173e+01
6.855998781202501391e+01
7.962455141606018572e+01
7.040195389325832309e+01
7.065295456937622021e+01
1.642661658911884714e+01
4.361885011145478330e+01
1.930107195223547834e+01
7.699212470694344290e+01
3.088732480730950059e+01
8.965298253301175180e+01
6.140746248644169469e+01
3.114757777212138024e+01
8.789943717879927121e+00
1.693777442074786421e+01
2.139641166238619974e+01
2.655989811815004842e+01
8.650918172725830857e+01
6.166992119199362321e+01
3.669819355986895459e+01
1.862006056698783141e+01
2.448098900552304258e+01
2.644410916836181968e+01
3.423711856770736262e+01
5.248052474490717145e+01
3.684286336507491910e+01
3.702555945053224917e+01
4.631803249046632942e+01
2.242119354963810807e+01
2.780053110826467844e+01
2.756099413420033528e+01
3.038385846046658045e+01
5.193377210545993705e+01
6.330487374293482361e+01
5.242925823005332830e+01
4.704267876453748443e+01
4.618056944618273008e+01
2.655813150575922066e+01
2.907751578980255047e+01
3.903362157837992186e+01
3.086900830865645062e+01
8.328302200219241058e+01
8.527896829752874908e+01
1.813855469688058974e+01
8.537097690016199181e+01
2.602180494415355483e+01
3.937595902888548238e+01
2.189122092504531736e+01
2.269652860659656213e+01
8.154783903431922454e+01
2.335273936422103347e+01
8.662575082167839469e+01
5.986549832236350710e+01
2.872628400268901316e+01
3.530878592435175989e+01
5.807895539771482873e+01
6.876960844784531446e+01
8.236498154132755189e+01
3.623192495424355286e+01
8.422925896676629520e+01
7.608146569579076868e+01
8.642466448439087401e+01
5.289148930365272605e+01
2.830055985358815818e+01
6.697388803535729096e+01
2.231354495338139898e+01
4.541010667212810148e+01
5.438785235774524551e+01
8.528347775283336318e+00
5.709295783169265093e+01
