4.633601460633593661e+01
7.051125214399154117e+01
6.934981772645157605e+01
8.386627542141232539e+01
6.672981981006458341e+01
3.537185615420150953e+01
3.367074231947213292e+01
4.713249763141755366e+00
6.247694745076625367e+00
8.166263156211414298e+00
2.593288478442377354e+01
4.170727799017156912e+01
5.923000725765216146e+01
7.919105936844718485e+01
7.251247619774818531e+01
7.025526476773576690e+01
7.798284560072426075e+01
6.115165282262601210e+01
3.302008262491616364e+01
1.201843041989423355e+01
1.958362347091411237e+01
6.677079531672245594e+01
5.466066685668128855e+01
7.530900157741767487e+01
6.414576465237446712e+01
7.196666289201165512e+01
3.307574437256686650e+01
3.128317007720722387e+01
2.420017624865910122e+01
1.500191652316939717e+01
4.476133734467451575e+01
4.399619247357068730e+01
7.679711129897802380e+01
5.767477638933154083e+01
3.593504889459246954e+01
2.020417587304018880e+01
1.321958143993271584e+01
1.092616606057137751e+01
8.682349260378612144e+01
6.588812516081311799e+01
3.737161854346455669e+01
1.085690854870871291e+01
5.137838805399920972e+01
6.256298240273136457e+01
4.675717668118674197e+01
6.358407515378004149e+01
5.931914166563009871e+01
6.648443432447906787e+01
1.582704865778443981e+01
7.322792037099314655e+01
6.896317560318365736e+01
4.621491171302978529e+01
8.184204829547796578e+01
7.493232107288230281e+01
8.300604275778968599e+01
7.018487554815961005e+01
7.507078157387398676e+01
3.677950615497120879e+01
2.743972218499928672e+01
1.653516302070375943e+01
1.245571103590658879e+01
1.211962091568911504e+01
2.262149553497457788e+01
2.504936524808718090e+01
3.948359300855919685e+01
2.266125323428847338e+01
4.993257303294570448e+01
8.665438263268519847e+01
8.049498694395578013e+01
6.646197855617808159e+01
6.537674820080492566e+01
8.509457124448350385e+01
7.199907585227641960e+01
7.298822204418208059e+01
8.010740350044862623e+00
3.714583872446402779e+01
3.803743213592940098e+00
1.150971703372630905e+01
2.670494731094766649e+01
1.525141373779629816e+01
1.845242294790721260e+01
1.644859254120715164e+01
1.840458141707127737e+01
2.166170864475247626e+01
1.652764256788593045e+01
1.132548491195804985e+01
1.971377864557842940e+01
3.203284427360217279e+01
3.702282467712839065e+01
4.598664689705253039e+01
3.319066800203310663e+01
4.460985026864372571e+01
3.044789023719069831e+01
4.217686620844659018e+01
2.687020557356935413e+01
1.659116361653034133e+01
2.458721279735817333e+01
3.294241282228445300e+01
3.793294732031117888e+01
4.507052517659144542e+01
4.833472236557351209e+01
5.309017178045014873e+01
4.595382281392728174e+01
5.573607905255891382e+01
3.519240303009532767e+01
8.453099687460490941e+01
4.910130951682697287e+01
5.755105883137305511e+01
3.745763134892129642e+01
2.920447148676844762e+01
2.604625036052256704e+01
2.088527417050356050e+01
2.469119606509784504e+01
2.202328158903292277e+01
4.522995141132359009e+01
4.453409651336016140e+01
4.423928152074902442e+01
3.326284872590723296e+01
4.493572955383016421e+01
5.481835407719269426e+01
5.479546323973730892e+01
8.252734654546323156e+01
7.684348702839048428e+01
4.395909201666219701e+01
3.081006441414733033e+01
1.177636383013692445e+01
1.004549798712860031e+01
1.104503757857075819e+01
1.232446349632682114e+01
1.776798949959139051e+01
1.797810083194017494e+01
1.434455786615734851e+01
1.981296784721232740e+01
4.423155368041192048e+01
5.002085884086710621e+01
5.706196107460915101e+01
6.683806074215367232e+01
8.189784797322143106e+01
8.014638585516468083e+01
8.745269307622386634e+01
7.779522358033544549e+01
8.068353920695838610e+01
2.372064987847747375e+01
6.728074706827618456e+01
7.693257161778392117e+01
5.915285957076192602e+01
5.230464727856232088e+01
6.397276418238668327e+01
6.960465902898231150e+01
6.240023599069922255e+01
6.729922935733345923e+01
6.936209585163453539e+01
4.901184954468408250e+01
2.621667453156389982e+01
2.628393727897354282e+01
1.917801792282002538e+01
2.923792320818515833e+01
2.325228787766281968e+01
8.520031861173361420e+00
2.298609442462089092e+01
1.309520473327014933e+01
7.491017237770037696e+01
9.926664564256409307e+00
4.587166775611019887e+01
4.898873108942897403e+01
6.385208597053986068e+01
6.328664412543965767e+01
5.027679551251024748e+01
4.805599625142251341e+01
8.045884677756394865e+01
8.317078249262888789e+01
5.233838342544004973e+01
5.591177904538439947e+01
6.654355306219864019e+01
7.282270963956558774e+01
8.237242027516410303e+01
8.537941953036421694e+01
8.522885994116126085e+01
8.074340125267845281e+01
8.044193454630932649e+01
7.444132844254956183e+01
7.589906408568111829e+01
6.973303172845430709e+01
4.289837905812712648e+01
3.352604622151164193e+01
2.144672333403092068e+01
1.230398786659747046e+01
3.421825923736778918e+01
5.894457629310751656e+01
6.869666676029825680e+01
3.217494339873003639e+01
2.025986150398534491e+01
2.345240226183427268e+01
8.766624584801281372e+00
2.640423703016451018e+00
8.913909501970286087e+00
1.829823789984735427e+01
1.528148509811076927e+01
6.878503462324543349e+00
1.150480355495028739e+01
1.788911252929710116e+01
5.208434820121317976e+00
3.298230675235324760e+00
1.460674205043527429e+01
2.804613628948833437e+01
2.641735574281352328e+01
4.073038160585675627e+01
5.022378764996364708e+01
7.188335040538517262e+01
6.633466299114898845e+01
3.829272720930721619e+01
4.139559017426454268e+00
3.162011839937891811e+00
1.260530463271420665e+01
1.271663493315416460e+01
2.512849711063880420e+01
1.478314875657108374e+01
2.374883959016693780e+01
6.076583211843862387e+01
2.281954847413514287e+01
2.564559509433145124e+01
9.464223139319326572e-01
1.734146573135951774e+00
5.769474574793125754e+00
9.316051541336053177e+00
2.256221751869132675e+01
2.611574528048514310e+01
3.552404697314151605e+01
4.602538634424036701e+01
4.585513153606537173e+01
4.429600705118185999e+01
4.066730041003197016e+01
4.340897174618437049e+01
4.025856178497885196e+01
4.342135726166048926e+01
4.099645518674305578e+01
4.852128598094990508e+01
5.156400623409959394e+01
7.422840459060309115e+01
4.431576369655375203e+01
4.328721081937793969e+01
4.429359927333533165e+01
4.012817489737390275e+01
4.380876503720250525e+01
4.333653346093482384e+01
4.009454860024413847e+01
3.936239527994734999e+01
6.507714147186381126e+01
6.088099907787967169e+01
7.121144695974595606e+01
6.836305286667956693e+01
7.742113687403529809e+01
8.121369442982154396e+01
3.445984143518297316e+01
5.214729344005130329e+00
2.432872956665402953e+01
4.144746928006836129e+01
7.322430743906791406e+01
4.114185043861029811e+01
4.686783257445188866e+01
3.662015424960480914e+01
3.232443343656269974e+01
3.230568307107625969e+01
4.349223110060709274e+01
5.396672289183544535e+01
4.100600368138885443e+01
8.644582546878521612e+01
8.853809281081231575e+01
8.153740717177622344e+01
8.579262275118111347e+01
7.781438830631995529e+01
6.924367576633200372e+01
6.152675189809400536e+01
8.961335685919257799e+01
4.834267007981832620e+01
8.380127345981388487e+01
6.811466224562832394e+01
8.802844717497772820e+01
6.312389116462862404e+01
4.467467381909919055e+01
3.585124103093442471e+01
4.021960658950520440e+01
8.642986935926512615e+01
3.645893931750430994e+01
5.905040839081368631e+01
1.636629936337821434e+01
1.863451745203771281e+01
2.263013960097313415e+01
8.009389321401903317e+01
1.245839921501440450e+01
2.548564197901475126e+01
9.576135407506429331e+00
1.209405564959321566e+01
2.215524914012194202e+01
3.336131680544290390e+01
5.471181237570019817e+01
3.331095980422090008e+01
4.145144459552331284e+01
1.560697347964091719e+01
2.578477648573041137e+01
4.994525047742082791e+01
6.080473409350299363e+01
8.800632201140351185e+01
2.738829367075665644e+01
2.993514150578384658e+01
5.781390756705938117e+01
4.960267748171877855e+01
7.076426748518865395e+01
2.696455270677027727e+01
4.118189679871099429e+01
6.186627874267345817e+01
6.514913884654328058e+01
6.963487695265506261e+01
5.261447273282956161e+01
6.304853585506926805e+01
6.682513862864239229e+01
5.405318628077769461e+01
7.710617643964125634e+00
6.087283806266069774e+01
1.130235947239228267e+01
8.409805523183337073e+01
7.722602605899399464e+01
6.118076864677190940e+01
5.523626340688139180e+01
5.058109007614230990e+01
6.352773201311414653e+01
7.735785399804071005e+01
8.110837681170818314e+01
8.827207037952565827e+01
8.956922389357880832e+01
8.120726679029452555e+01
7.159536916678044349e+01
6.272577947636188611e+01
5.375143570172303953e+01
5.051064232163501799e+01
3.187766146368205966e+01
1.802314864086149271e+01
1.654968321269550557e+01
9.396340703128638339e+00
2.878872547946031801e+01
2.780680289211279899e+01
6.195005853220666836e+01
4.646257839838195025e+01
4.734533511432655217e+01
5.765265570249947302e+01
6.990209050870173257e+01
6.152790985198500806e+01
5.373077405901675263e+01
4.796169291775171217e+01
3.937083360486067818e+01
3.020946853165316170e+01
2.278167071677657773e+01
6.020228494402795505e+00
6.678038527530023138e+00
9.282508258345981034e+00
1.184303198538702162e+01
1.967546885304368232e+01
2.212645125061159845e+01
3.199690071735787456e+01
3.193090690346747351e+01
5.450702810480743210e+01
8.573072433684519922e+01
8.001803581746982275e+01
8.116996714177899719e+01
8.578313015276806652e+01
7.765666759093716109e+01
6.303378829039215958e+01
3.352911217599443461e+01
6.887254443243591595e+01
7.307743530860950898e+01
6.276357546892743500e+01
6.490841943811074088e+01
6.878608082069776231e+01
6.800949423131989136e+01
5.431299685225291540e+01
4.534438347793086876e+01
3.871204698671257916e+01
3.774395637210511012e+01
3.275154213121756186e+01
3.291993242363227523e+01
4.870160242282284457e+01
5.306141238981982156e+01
5.720909899393839027e+01
6.109033656956344771e+01
5.711880290092712897e+01
5.670014097471290171e+01
4.868580568802138941e+01
4.808866682268102721e+01
3.954924724447520390e+01
4.866481943156331624e+01
4.488057660231677204e+01
4.355022533404355300e+01
4.348861180773719326e+01
3.721663073233978736e+01
4.820186010433251056e+01
6.663922697826487251e+01
2.512582729621651367e+01
8.838326869161345201e+01
4.039380895768853463e+01
3.524767519619677358e+01
8.711637107230036747e+01
1.241037426503580576e+01
1.596061183597833999e+00
1.091599668376050758e+01
5.457538219147100733e+01
3.763640529078352159e+01
6.305163550615962720e+01
6.910267041359674067e+01
1.754496590586585114e+01
2.781476682710976078e+01
3.814662533758391305e+01
5.222801566554327479e+01
3.966167740634084282e+01
3.988030058860141480e+01
2.636445453456708066e+01
1.030519773480691725e+01
6.461378921942917941e+01
5.682314297029993355e+01
3.988472801853527017e+01
7.220305521229556689e+01
8.972261781805195824e+01
6.321279279953757424e+01
1.898733922624930059e+01
1.626757532374953641e+01
1.312628545950021142e+01
1.059712739263281911e+01
1.263728993050779081e+01
2.160549043862306107e+01
6.796583539711144795e+01
7.880348066577433030e+01
5.137522677355764245e+01
6.675871698838855650e+01
5.410212586650801114e+01
6.356753460804608835e+01
3.394627544242685246e+01
4.567848049277402822e+01
4.459886720728739107e+01
3.848089718084321476e+01
2.297362654354897060e+01
6.053769318165633706e+01
7.153739176730636018e+01
4.844911846319013904e+01
5.549790021353278036e+01
6.010227354547124179e+01
6.449944318040024882e+01
6.610851193041365548e+01
6.688114728281948373e+01
6.260021945388501052e+01
8.007529956927726289e+01
8.727837955286020133e+01
7.142894564902533716e+01
8.027945316899987915e+01
6.012049562117628199e+01
2.120200204693761847e+01
2.134711357043897451e+01
1.743125101123171206e+01
7.283351009968902190e+01
5.400102470653568076e+01
5.757174753253920585e+01
5.982136581112221307e+01
7.266172558052556951e+01
5.496671531265658217e+01
1.940198005293959937e+01
6.404855772499894329e+01
4.880317044627670242e+01
1.688567023556491975e+01
3.453066665351763476e+01
3.552880925656088351e+01
3.190492895098620707e+01
3.936992747877980037e+01
3.865344213444620891e+01
3.634213599117705940e+01
4.264904229391115820e+01
5.392994019347963075e+01
8.377520062124550293e+01
8.571861458567457248e+01
3.567772208503642872e+01
8.134651746687949014e+01
3.065021277670589939e+01
6.716961083355921858e+01
7.765858740803126636e+01
2.303969724944575859e+01
7.912502359440277644e+01
8.468996085291493614e+01
6.178641246786155250e+01
1.615729382444115103e+01
9.490358844395077043e+00
2.203937158376571759e+01
5.847547789168909560e+01
3.167870055284722142e+01
4.766012602893982120e+01
1.101273176727774228e+01
1.361503012037203320e+01
3.652940705795400333e+01
2.369170617602302187e+01
2.428480936794874623e+01
7.457545598810995990e+00
1.170011111727665210e+01
1.710595517730009618e+01
4.365046502294379849e+01
2.231130988475696952e+01
4.832842873604658251e+01
8.981436934367053482e+01
1.778662787785751931e+01
1.550859695922295245e+01
5.882421166122851730e+01
5.555456108367444301e+01
4.548171458518098120e+01
3.688141084969662131e+01
2.270671748502674347e+01
4.930442420108069967e+01
2.395468707124096497e+01
1.684404068895230466e+01
9.764052744106569648e+00
1.202085716595043152e+01
3.405672061041410359e+01
7.185195847480667908e+01
8.564922431475825704e+01
8.601024470935705324e+01
6.239440010904623790e+01
5.650383410387428995e+01
2.820105671088068888e+01
2.139123411537339692e+01
8.013803101993731559e+01
7.664697871161052944e+01
2.688401607896901169e+01
1.283001459225242868e+01
2.088748450425782721e+01
3.603078813891083598e+01
4.399231042256462842e+01
4.832681552846017325e+01
4.578812510557407478e+01
3.307240534676232357e+01
4.195989095712563000e+01
3.412770952415208825e+01
3.047275391517600696e+01
2.404500736657978166e+01
2.101365108345409638e+01
1.544465634072548887e+01
1.586931343097777258e+01
1.771167069267022143e+01
2.015161171740029999e+01
2.116983115275576566e+01
2.139045166395935027e+01
2.135322916465857901e+01
2.097255808134905308e+01
2.004276144041803320e+01
3.390653898635550689e+01
2.272517593684109372e+01
2.444425481391788679e+01
1.715307629330921202e+01
2.068365450345746126e+01
3.629742378801064007e+01
2.752183175035499119e+01
2.700053932673179347e+01
2.837532388038887632e+01
3.644392262846030661e+01
3.276654839646200656e+01
3.597560658163231295e+01
3.571473994992211232e+01
3.445979889261988660e+01
3.112936407752165024e+01
7.151182062383854543e+01
5.298347503937230130e+01
6.126138363844417256e+01
3.219372708504211289e+01
4.121569507354523410e+01
8.652083571265742989e+01
4.952231378676753337e+01
4.880738909366918676e+01
3.647985244494991974e+01
3.935337265913778282e+01
3.124566640372684745e+01
2.293551693550572423e+01
2.238564929854769048e+01
2.896329864240008689e+01
2.266414349212740831e+01
3.045198587291701742e+01
3.856722306327932870e+01
5.937572624410583444e+01
7.893877676376240515e+01
5.807655880390517211e+01
2.503730330880734556e+01
7.435939222696460149e+01
4.128145037696548769e+01
4.558973966318371396e+01
1.600921476780860786e+01
2.656651073708940558e+01
2.308378858526031507e+01
8.167752080829491490e+01
3.873418048729072183e+01
4.146933248320910081e+01
2.696567397897051421e+01
5.608001146211299925e+01
3.340347325988000193e+01
4.823706451312453680e+01
6.266114830996222196e+01
5.959947740520309623e+01
5.282897833933922271e+01
1.674239165135485408e+01
1.207797542133952717e+01
1.805790228467595782e+01
2.088634430470864345e+01
2.286758359507327754e+01
7.835428423167391543e+01
2.298618653176023230e+01
3.591379022188896641e+01
5.255738518655670077e+01
1.967823350305186736e+01
1.599299529799520947e+01
2.208794221112273704e+01
2.207278758840816479e+01
2.116172694714234481e+01
2.111066739748404686e+01
2.103258826110759117e+01
2.038770618389700928e+01
2.167531943665420258e+01
2.966803063384830352e+01
3.441952352839749807e+01
2.913999004168957896e+01
3.703974489375355006e+01
3.605581537802650871e+01
3.831997353204114631e+01
2.558478552090561564e+01
2.195087923218935799e+01
2.733408476906947726e+01
3.200101123874721054e+01
7.114701974430893472e+01
3.279148736546682130e+01
3.587912633129479900e+01
4.887026615023573584e+01
6.871021385693595107e+01
3.215100473741135545e+01
7.779361832416701361e+01
4.365776631964700272e+01
2.667292025755784479e+01
6.368939462837259669e+01
7.865534923140440071e+01
6.377738122566042023e+01
6.893561893856522715e+01
1.299925387489299844e+01
2.972676194124624516e+01
6.626390898599305501e+01
4.197810931472332641e+01
8.838534151053116261e+01
6.295337874559813685e+01
8.460554772661818390e+01
5.986549800389884979e+01
1.503517771540690973e+01
6.181307159581866983e+01
2.642211278503259919e+01
1.531893138262008947e+01
4.339873695799925457e+01
5.434833479787811683e+01
7.166825839041047175e+01
7.888471436128621406e+01
7.900313132746587996e+01
5.386688572668083452e+01
2.792117643783342729e+01
9.148635988349074211e+00
1.594648823844844010e+01
2.604613931678888505e+01
8.816964039137985765e+01
3.954516100142677715e+01
3.140834008329571958e+01
