1.665729235003589181e+01
2.335148180667043150e+01
2.191191236186962854e+01
2.508307368424849315e+01
2.280283723286348874e+01
2.294795041132854863e+01
1.192613772248668269e+01
2.293552880953130924e+00
1.783384144297316354e+01
1.645311848704880830e+01
1.374270650156547369e+01
3.398047876497689401e+01
5.278031003261664722e+01
7.509944158733736685e+01
8.025335524064003323e+01
8.479207935579395894e+01
8.537948065840794243e+01
6.707713744942883238e+01
3.305598161997619400e+01
1.467624300886814837e+00
1.870352474648476360e+01
3.575657672437479562e+01
5.554890192747748046e+01
7.625740127767430465e+01
8.600561247047559732e+01
8.852282544749922977e+01
8.309644155619301387e+01
6.550312965284871325e+01
3.436714772701031251e+01
4.300276019861112786e+01
7.000930253999349873e+01
8.816889604239783296e+01
1.128878457284736072e+02
1.736683571582586865e+02
1.798884007648851480e+02
1.351599418617587673e+02
1.050335971918824782e+02
1.040389554015172848e+02
1.147719696273847063e+02
1.773948170792716326e+02
6.222515378789306340e+01
2.960358252124369827e+01
1.569634840087345040e+01
8.267296008310957234e+00
1.236502689947924871e+01
5.320319709932248564e+00
4.766865987655278580e+00
1.219441841479911526e+00
4.602748037996842179e+00
4.686244728046129460e-01
8.567836252582463175e+00
1.515422251443557045e+01
2.848828898071295868e+01
4.951690950099018096e+01
6.670694749040747240e+01
7.597661145853899711e+01
8.579162187474361190e+01
8.343621102339461970e+01
8.141426110442766628e+01
8.759257997731198486e+01
8.212642367461629078e+01
7.470995043818957981e+01
6.072429527873985222e+01
3.927717741085341174e+01
2.418615139194131203e+01
1.160723880440691502e+01
3.616484743021785686e+00
3.148210282272382976e+00
5.990221325163195942e+00
7.251405684111638550e+00
2.271539264958327564e+01
3.810652050616138808e+01
5.761461182134740966e+01
6.443625608798433291e+01
5.919633485463204181e+01
1.405916654680194142e+02
8.124991650873815274e+01
8.440113808183862432e+01
7.686991435937490280e+01
5.367875108597272771e+01
5.498116524751895895e+01
3.539517162190561805e+01
1.563233482963160093e+01
8.841206386968583075e+00
6.097508000547535723e+00
6.052308166733186390e+00
2.997631625013313705e+00
1.637485388836974254e+00
5.889047926967210245e+00
1.071278733048064780e+01
1.656353432787638980e+01
1.386124715657373052e+01
1.149152882606241555e+01
9.117137255658709805e+00
1.106513446492049368e+01
2.651016834704979885e+01
1.344596497720350925e+01
1.429922361163914424e+01
1.543861421681832269e+01
1.822321023782955507e+01
1.766047843649895910e+01
1.713188153292658100e+01
1.099963322622469519e+01
9.812533749550206963e+00
2.979451786358492171e+00
8.365902804231604151e+00
8.290797386619061626e+00
1.499568008628089189e+01
1.323651017488598569e+01
1.356005747943556194e+01
1.631003598535041377e+01
1.644674934933999211e+01
2.438331608020544650e+01
2.605931349956572518e+01
3.163043889271372322e+01
2.576759736369307774e+01
2.562076393144200992e+01
1.832516100094631284e+01
2.116583869214581526e+01
2.016745706630405621e+01
1.771560054196151768e+01
1.603495285368117607e+01
1.025499862445752797e+01
8.259434681709088011e+00
3.122266019852893315e+00
1.588958917205880672e+00
5.591176817740780791e+00
1.107427457437527707e+01
1.582137840694895559e+01
1.514379375508626779e+01
1.741660785233404241e+01
2.356028252865413819e+01
3.020407262407141502e+01
3.127920297522818416e+01
3.176488067750007360e+01
3.119091164794561166e+01
3.024019180129072737e+01
2.902303499328454350e+01
2.809994498709021826e+01
2.100546551989485167e+01
1.489134157689720439e+01
1.075649101184081857e+01
8.469356336553808262e+00
1.011650604210148785e+01
1.655530617205001320e+01
3.664754596526741182e+01
5.000050003052064795e+01
6.887533245899879830e+01
8.022715484295699184e+01
9.321758519821229072e+01
1.036670609900587294e+02
1.101364459772509008e+02
1.205229966317333776e+02
1.035234012420245193e+02
9.473791226282106948e+01
7.713966479214283822e+01
7.010316464969702110e+01
4.833553461637112747e+01
3.393923440566879179e+01
2.234529010718791397e+01
1.373597458469914478e+01
5.893109015220566960e+00
7.948317455210879956e+00
2.133919446187521274e+01
2.952670074988661142e+01
4.093769994087654851e+01
4.413966625719986325e+01
4.196572367825184813e+01
3.805827802410838245e+01
3.609178075280446762e+01
3.252219853800350080e+01
2.851348352204542991e+01
2.162684709626406487e+01
1.186365555275340000e+01
1.291504289532682037e+01
1.993448649056320932e+01
2.199500418702773530e+01
1.969756223934621531e+01
1.347746324998450262e+01
9.324129038623089727e+00
5.618831665668212239e+00
2.788451990899671884e+00
1.171937609181889162e+00
8.760807517052230153e+00
1.324597665525653767e+01
1.898466668666980794e+01
2.700471939513913355e+01
3.263420585306406707e+01
4.457696251703891477e+01
5.841420676939296897e+01
6.874482666355342531e+01
7.100134288630127344e+01
6.596840766743740403e+01
5.846794076480111357e+01
5.327038609079881581e+01
4.909652780460652366e+01
4.078514344811168968e+01
3.565914132147203475e+01
2.359563087035564877e+01
1.029136049380008089e+01
4.740293406774435780e+00
1.135594794667665575e+01
1.460542083274186176e+01
2.428045902420378965e+01
3.214358727435689644e+01
3.904592151278106371e+01
4.772070363915148050e+01
5.947813737742946927e+01
6.655574224045837184e+01
1.718254036898740083e+02
3.393941762815305196e+01
5.581889441988462153e+01
5.326070089121054707e+01
4.182966736230162752e+01
3.431425762682848557e+01
2.783886975268107378e+01
2.024696638231058898e+01
9.726475392161225031e+00
1.822570309457114401e+00
3.583582003097664170e+00
6.094492612382873986e+00
1.456958087624658305e+01
1.613501150342827373e+01
1.874459469130458089e+01
1.953630289041746337e+01
1.539115641055890826e+01
1.443491577398747872e+01
9.173810758842403601e+00
5.349453524768593482e+00
2.079078938951862465e+00
6.752079166016843326e-01
9.088378799303614031e+00
1.103673086349782118e+01
1.372268090596785761e+01
1.382604309984149182e+01
1.078510121169141911e+01
9.133275619382535737e+00
4.048619482635636757e+00
4.007072979961458614e+00
2.547166313797259996e+00
7.566318604884068044e+00
6.564272515666707442e+00
7.704319284354473218e+00
7.011304822517018032e+00
9.145249872523649515e+00
2.163715195722527795e+01
2.635015531607751171e+01
3.526006597672756016e+01
3.182241250145956712e+01
3.370803876328130855e+01
2.881151360944243578e+01
2.833155884142719216e+01
2.780341288883818507e+01
2.879646336114688054e+01
2.796959204954725919e+01
1.393380846455792543e+01
9.951515924594023232e+00
4.975116902079757430e+00
6.184201847621549675e+00
1.137934173652215897e+01
1.051889052058819729e+01
1.228439208013863393e+01
1.439999290070988458e+01
2.625409892949131674e+01
3.869437170459978148e+01
3.543977685664714983e+01
4.452136511589326773e+01
4.039736773054973185e+01
4.010088024923925332e+01
3.292814718576662614e+01
3.433567593387630978e+01
3.317081714376691792e+01
2.981601566952187099e+01
1.814134559599334651e+01
6.729918803708158315e+00
8.975384165045941387e+00
7.555726055213332515e+00
7.334246877641193763e+00
4.606624464354218240e+00
2.836416699186649293e+00
1.046411824314890993e+00
1.605376569076406312e+01
1.649062319583499345e+02
3.894558842692701006e+01
5.433214288466978559e+01
5.670152457039915816e+01
6.259557037122090861e+01
5.158093011710160880e+01
7.740641272096885928e+01
6.135086823089623209e+01
2.311647778377117390e+01
4.759352004914821066e+01
2.635777831994133535e+01
1.319114515054162062e+01
4.958338095133422385e+00
1.124244906932453603e+01
2.709045645816194181e+01
4.147405795294230302e+01
6.623038406122168453e+01
8.902023370710455197e+01
1.095286972702799630e+02
1.226507528087850574e+02
1.419325729467023507e+02
1.640074571256468516e+02
1.150082163424331441e+02
1.520002931628451677e+02
1.051822857648410547e+02
1.221121168259011256e+02
1.043353797366794282e+02
8.348765562831353293e+01
6.213477584306680512e+01
4.638433747114667938e+01
3.100894304640890908e+01
1.622565649739221172e+01
2.038743104165767761e+01
4.693380472369325673e+01
6.961851245502040797e+01
7.434117336462705339e+01
8.218906747713636207e+01
9.425288721021581750e+01
7.627724999054711930e+01
8.130480666636654519e+01
7.534003537117686733e+01
8.356751658202401245e+01
5.935521261720969477e+01
3.429291113284023851e+01
1.295372711683074840e+01
3.062834842903683796e+00
1.043711595367720690e+01
1.764489391585617639e+01
1.899180427096975521e+01
1.364518537815914279e+01
7.747848220190443058e+00
7.175153757452689796e+00
1.477423982498597432e+01
2.793416725366512310e+01
4.116708072685996456e+01
5.289235246746106611e+01
6.466155834744299113e+01
8.887203973770068899e+01
1.009084686049800155e+02
1.277291861103235959e+02
1.092510863091433606e+02
9.539866088890457263e+01
1.332778064721712212e+02
1.063616279468843402e+02
9.360730285120172312e+01
8.237994734245290829e+01
6.914619094743829919e+01
5.125055583918813085e+01
3.454956962262382802e+01
1.532983980008966540e+01
1.879833523183310007e+01
3.111781154736769750e+01
4.195126865068653643e+01
5.153930725110976141e+01
6.718000278117821722e+01
7.985213108414643557e+01
9.874152994233800484e+01
1.144100153009108425e+02
1.375534547504839793e+02
1.463789752200982264e+02
1.276028329581495768e+02
1.155796830115637164e+02
1.046835455794420824e+02
9.552038702976599893e+01
8.031984001352277858e+01
6.265282450555153559e+01
4.426560501646042667e+01
2.837111407390412054e+01
8.719024727664965724e+00
6.550659728051216213e+00
1.214252259485780883e+01
1.618363182248770471e+01
9.763025180528353886e+00
3.763414739642747531e+00
5.706999292537910051e+00
9.059217107794335533e+00
1.399337721998525552e+01
1.277275096188206227e+01
1.644995732475317141e+01
2.255461342422766435e+01
2.796870669091555683e+01
3.173451735275725483e+01
2.496168360273090414e+01
1.903523844415735411e+01
1.050209875545769833e+01
7.543232621680287409e+00
1.964125994149297449e+00
3.396251202806562119e+00
2.046874987236157128e+00
1.789471177638748856e+00
8.018774864852094453e+00
2.360221746663387776e+01
4.758840784691366821e+01
8.305519082804138975e+01
1.181554013691063290e+02
1.501520393725699307e+02
1.575128567084096289e+02
1.382874863883136811e+02
1.129986262508904531e+02
5.731642140495247872e+01
9.565192810776638055e+01
9.600927499439985979e+01
1.452843143453528683e+02
1.306739670217132527e+02
8.929245234989505775e+01
5.529650592610266102e+01
3.073893781104528244e+01
2.265768757622314311e+01
4.368531369652237828e+01
6.611727304609564726e+01
7.652539558484228621e+01
8.147876527318740614e+01
8.653481872560607258e+01
9.623100488926532137e+01
1.698266498098265345e+02
1.578093251486650672e+02
1.404604522930090411e+02
1.168102620947493193e+02
1.611958227063100821e+02
7.010510711110973148e+01
2.761911525733231443e+01
1.949250950947975625e+01
1.355629130521070280e+01
8.933763993795457381e+00
3.543051022678096018e+00
1.612926432805799504e+00
1.074017493321428951e+01
3.580759287485609121e+01
6.967052175715535611e+01
8.611509194988275340e+01
9.923159105287199111e+01
1.090165014720927985e+02
1.233264760791548440e+02
1.501259425826683014e+02
1.337084826522612673e+02
1.699718698462726536e+02
1.485286253925666813e+02
1.199322340247931038e+02
1.190566200517070143e+02
7.756846632345919090e+01
6.428356799859055570e+01
5.280980112915801783e+01
3.319562928277181157e+01
1.305879711191617254e+01
4.888634931115227289e+00
2.205885214420260088e+00
9.119178748288584657e+00
1.687189398283986108e+01
3.143110408928260924e+01
4.953334953003311369e+01
7.587938074363241014e+01
1.663884248956820215e+02
1.434640412044862785e+02
6.555112959484203827e+01
7.903750237790966082e+01
7.729971374067022793e+01
8.025742367082817452e+01
5.350121499538045100e+01
1.578568727303149615e+02
6.829166136307017609e+01
1.253148478782858177e+02
9.048351313463112433e+01
5.870978745211879612e+01
2.772625196082539745e+01
1.889354148008930068e+01
3.191723914580089883e+01
3.366846406491691823e+01
3.387582528712685814e+01
3.375663090948212641e+01
3.139017202574726539e+01
5.910504661225727041e+00
1.268527652271449000e+02
3.857123907016095643e+01
1.538160773820394809e+02
7.521041493746082551e+01
1.568252864141027203e+02
8.891753022862251044e+01
1.562866275114977554e+02
1.559875315503869047e+02
7.348646093000164115e+01
1.079507095110306238e+02
7.254555035319248191e+01
3.555350688959778438e+01
3.140245020370586815e+01
6.169270945536503348e+01
8.212170268630038095e+01
1.101151922328050006e+02
4.312075082332991371e+01
1.603648156364386068e+02
1.193660373116651527e+02
1.597254963109683388e+02
9.171345642676428156e+01
1.381790694399888366e+02
1.102012928161428960e+02
1.747220769159617078e+02
1.080382346760285373e+02
1.350488109755763411e+01
1.333961589521890971e+02
8.107566712911113882e+01
4.968141513545548804e+01
2.335477352156257425e+01
5.925200574480464333e+00
6.002895002469270658e+00
1.793821519387632790e+01
5.111602532801112631e+01
8.038892922643155714e+01
8.921774271836214609e+01
1.420408965744275349e+02
1.664056540799218453e+02
3.901930816489654319e+01
2.128039496359658500e+01
1.942595339113496777e+01
1.349157763148528488e+01
3.184465070730557734e+00
3.430423456580973607e+01
6.199322191292070272e+01
7.027850003839968451e+01
1.399587172450096659e+02
6.244369040276080796e+01
1.827925279468626840e+01
2.829559958199187264e+00
4.824527083314806397e+00
8.214117207740208926e+00
2.763565860016671927e+00
1.362043777283917301e+01
2.661079653455613681e+01
4.467015944971993946e+01
5.614010238360366856e+01
6.421389012084242154e+01
6.430979414497426205e+01
6.557164565417554059e+01
6.480226064412299536e+01
7.428477925035760165e+01
6.430722527787797560e+01
5.314938581910912063e+01
3.965143024225384494e+01
2.242853769954371401e+01
1.100091678460324118e+01
3.220047277307444666e+00
2.667222235366949246e+00
3.019316137945434964e+00
2.872750825473001424e+00
3.429309612439492838e+00
4.046965584268702898e+00
7.680038111374911658e+00
1.034864444725335231e+00
1.858393794459299642e+01
2.475726739862050962e+01
1.772541081644991436e+02
3.991450924653189247e+01
1.872650682989340609e+01
3.480944810237924258e+01
3.751063535033384255e+01
3.813784740808512197e+01
2.946386419289743230e+01
2.610358847760326029e+01
2.001611640213498333e+01
1.473570253630692584e+01
9.396394619467423936e+00
8.983764972934007886e+00
2.654394460187195648e+01
5.901661951573617415e+01
7.497866617971902770e+01
5.753232425206631007e+01
7.537100920190420084e+01
1.373622055492952256e+02
1.774184995736633539e+02
1.797824608286560704e+02
1.562592793705214831e+02
1.205804513945022904e+02
1.749733466911943935e+02
1.196855583245007750e+02
1.149699991062038862e+02
9.248529084527193334e+01
6.694710123118686340e+01
5.258573315113122959e+01
3.893066922097777649e+01
2.351783606170485186e+01
2.459008539483390976e+01
5.582780077332609636e+01
9.990235059777141657e+01
9.303950592257697849e+01
1.142207108549914807e+02
1.587388632130337385e+02
1.122346109782653940e+02
3.288627395226644978e+01
1.236480952337145283e+02
1.773698475770418952e+02
1.650430970132497919e+02
9.290705677144839569e+01
7.879888148699826900e+01
1.643300123995613262e+02
4.175986639126691990e+00
1.995096521986921445e+01
3.442129130606125642e+01
2.887038924786931915e+01
1.623387940932536111e+01
1.909460453509960587e+01
3.182497895677197164e+01
4.275789047152822064e+01
4.967915210523204905e+01
4.459660491606759081e+01
1.620425228921522205e+02
3.670019555675563794e+01
7.285672984036573041e+01
1.753221906002988248e+02
1.568388634029938657e+02
1.344419189940564081e+02
4.561744038880647167e+00
1.657930608115591653e+01
2.483206855715514294e+01
1.901825616269498198e+01
1.411944204240172418e+01
8.660018787591400979e+00
4.897869004840139873e+00
3.328009475952019791e+00
5.543680795113936632e+00
1.050022853012525381e+01
1.587989811388539430e+01
2.093037345736390620e+01
2.438560712119699758e+01
9.586019030949447739e+00
1.917554591691510879e+01
2.802190972540103076e+01
3.271374034784791007e+01
6.557050589042341393e+00
2.900880275202474223e+01
3.430960995856130324e+01
3.931671650037642962e+01
4.423618895510957572e+01
1.483169235578846497e+02
3.229758729611113921e+01
4.293925919099438993e+00
5.229856422821836937e+00
9.360707562584416053e+00
3.799801256545643469e+01
6.940933013503202176e+01
1.524701595384818802e+02
9.370208426218150066e+01
1.647129668779199108e+02
1.161681500473531798e+02
1.639912752477650315e+02
8.879428142788462708e+01
1.799181749947296396e+02
6.075183282618250757e+01
1.799968988609359144e+02
1.685243921145487604e+02
9.902637750451064846e+01
9.404991488384507647e+01
1.527864874184152484e+02
1.150720230758555971e+02
7.770817738802578845e+01
4.927088960150091879e+01
2.385434895406726596e+01
1.865873793478727194e+01
3.838329974419441015e+01
6.071260856623689506e+01
8.689051794323897582e+01
9.542480649400134496e+01
1.053606692394676827e+02
1.568729805433796116e+02
1.128408790186655892e+02
7.912814937415065231e+01
