4.001291492720641330e+00
4.086869655817090496e+00
7.759823796602153934e+00
1.310006382086021759e+01
1.005564316718671947e+01
4.220692139711801794e+00
3.334219285248366749e+00
3.507074881701745195e+00
1.387062964429741818e+01
1.144523338422479419e+01
3.431932738744513500e+01
2.033406590800924718e+01
4.528996584281516746e+00
1.782097344706923892e+01
5.405976259245701954e+01
2.942024616778961743e+01
3.788001501897772272e+01
5.132433602767783754e+01
6.444954111280846121e+01
4.818524989842970996e+01
5.702796475405828858e+01
1.033145867087973002e+01
5.053552614814788058e+01
6.558543125873953272e+01
7.153450442293795675e+01
3.543817752315810310e+01
4.852128561535640472e+01
5.002241019396803523e+01
5.637164806240531334e+01
5.019898099986239259e+01
2.767663250143436571e+01
7.515902828763080379e+01
7.890742228799200575e+01
8.796956040564721491e+01
8.024240792888092244e+01
7.158748300941134346e+01
3.358244823848492899e+01
5.892782618660151428e+01
2.894978991573897886e+01
3.227812665707799056e+01
8.537229252092683396e+01
3.391046864154403551e+01
8.833851380860468794e+01
5.288924208781726577e+01
5.002574538860061892e+01
6.143382553335202800e+01
8.244033839796253460e+01
8.167068152546387694e+01
6.869155425320519726e+01
5.278087933765089446e+01
3.458730037023937598e+01
2.924320422747078752e+01
5.407241658672754880e+01
6.506262683100351296e+01
3.125380336742921017e+01
3.606112519234554270e+01
8.971151241228832873e+01
5.935669389224845816e+01
4.088917009939772385e+01
1.233308303083585855e+01
2.893966957679894847e+01
5.442637492368120888e+01
1.699779931421283052e+01
3.408827748613442310e+01
1.961463844686882396e+01
7.542722925191503691e+01
8.514360119804680949e+01
3.926825532051148571e+01
2.934059693054426177e+01
2.342950225415009413e+01
1.736444876816750593e+01
9.149983003413812099e+00
2.873531742557085522e+01
7.371743923448804026e+01
7.925735881222183821e+01
3.935462991115419840e+01
4.553554054600213874e+01
1.749757313860627406e+01
7.942770771406001984e+01
6.741574690065210973e+01
3.037808727977837009e+01
5.306790583745114986e+01
8.621697804143079225e+01
6.154513799960295017e+01
6.388113678782369931e+01
6.628703693488824911e+01
6.815389381115149092e+01
6.913163118767546678e+01
2.551140083880249776e+01
7.395429691893923518e+01
1.683075834693035944e+01
5.686255910095340482e+01
3.254195444109224411e+01
2.532779030830878142e+01
1.132377748329771094e+01
2.352582504941199204e+01
5.883675184036162165e+01
7.303959173644923908e+01
5.633092244700637252e+01
4.973756543901141214e+01
4.168942811081195288e+01
3.503076718747232832e+01
4.617110997764693536e+01
8.522515137284362652e+01
7.178795727400016347e+01
6.332932983868055032e+01
7.138438129421128053e+01
2.548696591077484541e+01
5.458434724408694905e+01
7.012232161089551141e+01
3.415676644529345651e+01
8.556518081862849101e+01
3.167214237076276007e+01
3.449051093411835467e+01
6.670974375698874326e+01
3.282650447603965915e+01
7.071507833084753258e+01
4.210786187047173001e+01
6.344797581010809751e+01
5.059676708631342734e+01
6.793049053848230301e+01
8.959490905168898678e+01
1.899393315469889743e+01
2.129223312906566790e+01
2.432326584048900386e+01
3.383029613661379642e+01
2.805579413049158433e+01
1.711302509049863119e+01
1.983314060893207653e+01
8.823035558230333208e+01
5.735730017395031410e+01
7.348009825862561684e+01
3.419323375532120934e+01
2.396668472217319135e+01
8.192569863197272184e+01
7.185841221679243063e+01
8.604244711478266083e+01
8.550207607829860024e+01
4.402847743818566073e+01
7.293983689302248763e+01
7.449494972855006836e+01
6.494676226415076314e+01
3.607432903181973671e+01
6.440440939337510429e+01
8.738080141137903922e+01
5.843222133723579503e+01
8.286638345902731828e+01
6.128617286258658936e+01
7.664794497426137809e+01
2.107840833574427464e+01
8.804507528091912150e+01
7.710435899297030460e+01
3.151527753615296135e+01
8.952669868094749006e+01
2.670404329495922013e+01
6.385930958612753017e+01
1.620975923744515512e+01
7.812136311221038909e+01
4.812464244564812788e+01
1.356304992951930366e+01
1.955662413858354753e+01
3.930661293662717526e+01
7.322489729093568656e+01
8.370043901128444475e+01
6.404086746059320490e+01
6.865924550842790097e+01
7.474789265831336138e+01
3.334928582306653055e+01
3.185148120757635937e+01
5.167552201558756053e+01
8.405652403277215967e+01
6.366324590349561419e+01
6.569846931786997857e+01
5.893148876591641283e+01
1.818425594032249037e+01
8.377006199565991551e+01
7.516165135192771629e+01
8.684837946767022743e+01
6.123913326143816249e+01
1.679136874023482306e+01
2.525477700121428626e+01
4.455339056068520165e+01
4.574488670997272521e+01
4.741353875622239400e+01
5.102787521657408121e+01
5.491871193824741937e+01
2.733265484284293123e+01
8.837243521566462334e+01
1.785095836424466498e+01
4.498367033286933037e+01
1.377699458861338044e+01
8.557208886156138306e+01
6.024365426162249548e+01
6.925141646450084920e+01
7.183285179749019278e+01
6.471225631274738532e+01
5.275241318858972761e+01
8.824005775651963290e+01
8.232869403458656166e+01
4.584477976219095297e+01
8.394832800866329592e+01
6.737991709729193701e+01
4.853425712378170687e+01
5.575858708856731027e+01
7.117123710500952427e+01
4.195264417346455588e+01
8.954520691508285779e+01
4.200556160055081278e+01
6.750471037087122284e+01
8.984450542958479957e+01
7.408034096584108852e+01
8.002831687837391428e+01
5.770324291714209863e+01
4.468511949546820716e+01
6.507714345217526386e+01
2.864428408712934626e+01
6.105860489124508206e+01
5.605799344467063605e+01
5.275151575086971434e+01
5.591685176378064170e+01
4.218162753770567974e+01
1.209549526443155010e+01
2.182144450502547528e+01
5.797903281601039538e+01
3.410834521158687949e+01
4.789500919333369922e+01
3.657344803733444394e+01
3.900241265234698318e+01
6.800140252840776611e+01
5.636296515598615997e+01
8.985883911748142339e+01
6.189986243537848054e+01
7.598950094708257552e+01
2.223948259433088737e+01
4.226754782746409944e+01
7.987212904450451845e+01
8.606094085811618299e+01
7.143859976233687803e+01
1.200512977190199138e+01
2.254573651050358229e+00
6.483398924001401831e+00
7.348550484271771488e+00
2.065008158622181256e+01
3.484855458867060918e+01
3.075408816929610722e+01
9.193253682418369266e+00
6.790201941755272230e+01
2.576940614480328051e+01
7.000559716568315594e+01
1.436409802012821579e+01
8.595793934453503482e+01
2.597777017435601365e+01
6.248921570632339240e+01
5.174238493101848491e+01
5.401371814225691992e+01
5.303270519651424308e+01
5.295159598250938160e+01
5.601919224989391921e+01
4.754945471460995776e+01
3.806862302665307141e+01
2.573255828681132940e+01
3.309708640083352549e+01
1.146070245913434960e+01
8.498010640467769861e+01
4.041373300764733045e+01
3.767929613704141190e+01
8.535214308216984591e+01
7.762785587602064652e+01
7.199876936043769149e+01
7.750052525137182613e+01
6.788024078689709029e+01
5.881510006139109947e+01
7.681131571486790222e+01
8.134194387628348011e+01
6.397444362772503723e+01
7.714690381555935517e+01
8.748363375600713709e+01
8.995234227013564521e+01
7.028092674233025150e+01
8.878097775412457793e+01
8.879229656334346998e+01
1.578925013954715162e+01
5.217151904849786348e+01
4.347077645899820908e+01
7.434243098687663576e+01
5.382640004586524896e+01
2.899451108332088722e+01
4.916068200160698609e+01
8.084305707129688301e+01
5.207332601743173228e+01
1.588107707689797721e+01
5.052766626276013540e+01
3.131502606687488210e+01
2.045562381299104260e+01
1.676624329055350193e+00
7.226781364390494389e+01
7.062142966713894054e+01
8.196286577300249121e+01
5.907737181251130920e+01
7.902184776071422334e+01
8.971143212889583651e+01
4.926557892084069579e+01
8.435250385922755356e+01
7.590596388302138564e+01
6.121573447451572747e+01
7.577818810263930516e+01
4.427614516572597125e+01
6.193777163362702964e+01
8.732061153009107102e+01
8.816210043314154632e+01
8.177997740535407445e+01
7.963483481948320275e+01
6.432795609091037647e+01
3.066306719599052144e+01
5.580975410002550774e+01
7.790856038837164022e+01
8.360168452756894908e+01
1.303056227619720353e+01
3.049302991357515680e+01
7.647087832744237090e+00
5.187525498907397115e+00
7.223848219171622986e+01
8.627199465366524578e+01
5.460789057592920415e+01
6.245910977581277734e+01
7.318044248298178900e+01
5.793820367070121335e+01
3.441182243001670571e+01
5.420539626665610911e+01
6.921216887532575868e+01
2.247563217049636464e+01
6.872493122645124686e+01
8.401330664928076430e+01
5.587000789255397848e+01
1.502482165738784481e+01
3.188086883135130734e+01
4.311898313756320533e+01
3.762712190787282651e+01
3.578894835270214969e+01
3.777913420492645713e+01
6.363434193815768225e+01
6.850727013251834308e+01
8.686093862688142053e+01
6.437334770863098754e+01
4.131182264293602913e+01
6.779801061372991455e+01
1.192874947965536236e+01
6.848956119047095115e+01
5.657839739606426122e+01
7.510789000818041927e+01
8.580346495649688165e+01
7.729341071289388765e+01
7.705052558201877844e+01
7.357834694632040851e+01
1.689749250485811061e+01
5.072874884932168982e+01
6.986533803734556614e+01
4.598555132960218117e+01
4.141240412908607027e+01
2.440151265307051887e+01
1.573611016398688101e+01
4.357090863324098251e+01
4.854291864749081498e+01
2.270360501683809673e+01
2.457034881525521897e+01
8.476326454551457346e+01
2.759983276628492632e+01
7.908441422258276532e+01
8.920028998274179344e+01
8.406170213444512740e+01
7.357949448669198489e+01
2.449740286958581947e+01
8.977540620805277172e+01
4.896296492238574416e+01
6.015697667560346851e+00
4.130662123699539734e+01
6.177084801513547774e+01
8.636829991965124975e+01
8.746769921158521299e+01
7.805749061308196701e+01
5.264284634973412835e+01
2.441262395468123714e+01
3.255855719613879273e+01
2.907728542721149978e+01
5.309870268047522757e+01
2.753230710899808642e+01
7.727445403272942315e+01
2.884781200857626970e+01
2.858065212592670434e+01
3.860508958119062584e+01
4.175947596043567955e+01
4.349509792842633971e+01
7.033546790670220616e+01
5.876858082768231384e+01
4.043140823782036364e+01
5.933653634387854936e+01
5.194236635776930910e+01
5.098958596413066857e+01
2.662866293770733961e+01
8.532545961916748922e+01
1.404764092682820653e+01
6.968218229947230213e+01
7.694160215528515145e+00
6.123603557170056177e+01
2.593262397617792914e+01
1.649957328154700420e+01
6.959125696969469743e+01
7.287624465142673102e+01
7.343230605084188767e+01
2.065623017902414915e+01
6.484453414707087404e+01
8.647664891532015474e+01
7.389762921722139311e+01
8.897338317285615972e+01
2.892568818264200647e+00
3.178453392903242758e+01
6.767492738750374315e+01
8.224327423265276593e+01
6.191481229561848210e+01
6.205159092060807779e+01
2.357428082022109095e+01
2.112024590592412210e+01
7.883209744170450506e+01
7.607133218211009762e+01
4.268626862691036195e+01
5.396665872578225276e+01
5.860272660153484026e+01
6.563286000052859492e+01
5.767517307377539026e+01
7.827643677617113838e+01
4.449919857824634306e+01
6.191313057232649442e+01
7.421625802246039427e+01
8.244971004279469184e+01
1.889988254702615578e+01
3.521763915109562504e+01
3.168143287717530399e+01
