8.860672361964441635e+00
8.342106776653109179e+00
1.623186028501714162e+01
2.465736765002500164e+01
1.902308608396391065e+01
8.015400571894140569e+00
3.312051165668516983e+00
2.726137535119272481e+00
9.511736980668223040e+00
5.813343801291239288e+00
1.466544052093635031e+01
1.324271554378588434e+01
5.622239008154281237e+00
1.441595223596796771e+01
3.337598760498030970e+01
4.294143299751276288e+01
7.604863476118660515e+01
9.386165523060547855e+01
8.956496094043689027e+01
7.042306540525488856e+01
9.073245891168447486e+01
1.077590441230077687e+02
9.602794717861914364e+01
8.222934467248794022e+01
6.549926171564061406e+01
4.147703877449775689e+01
2.614328541729357980e+01
1.894861256576986364e+01
1.107000209745180364e+01
1.842251323556963172e+01
3.456897021953146520e+01
3.097422218746644518e+01
1.257157008233636617e+02
3.354617418735300305e+01
4.876961501236203134e+01
1.630535418732352468e+02
6.023562170079051015e+01
1.693360406130958324e+02
1.552623114818914587e+02
1.119948947996791162e+02
7.691130486370416008e+01
1.005469089222168861e+02
3.022079979666579419e+01
2.634042076609269856e+01
3.132818964284352248e+01
5.725920513211301000e+01
8.191990488944114190e+00
4.301031899872297615e+00
2.932334058528986098e+00
1.569104869785530276e+01
3.054876891567139197e+01
4.503270588606162050e+01
1.197362508383136515e+02
1.281163717783989853e+02
4.962140423310913206e+01
1.073222966446980564e+02
1.643947917677749331e+02
1.299203385955536874e+02
1.772651825670545804e+02
5.221966392026180870e+01
5.664690929168958178e+01
1.642312433559494025e+02
5.276811281549738908e+01
6.958410691735721798e+01
4.043488694291387731e+01
2.114202076693554488e+01
1.069230882238869107e+01
4.727878296768423638e+00
4.580739441935254952e+00
1.558583482314021396e+01
3.969315923665534740e+01
6.100324048019178491e+01
6.801166378713134009e+01
7.562076453034977419e+01
8.138876085477087940e+01
6.549352858141190836e+01
1.451182276914071281e+02
4.365469386701064991e+01
9.068781954276818169e+01
1.029162701655985757e+02
9.078240093211988437e+01
1.921678007788826648e+01
1.707444115547226033e+02
1.061641805239364977e+01
5.478948476408738166e+00
3.449779481323891339e+00
4.230725195672219385e+00
1.034305809004483478e+01
3.060105209076742483e+01
1.211050937592866603e+02
1.594594275532501513e+02
1.647114433855263655e+02
1.032987347867872785e+02
1.668433714982513649e+01
3.132053695528311010e+01
5.258228016154006923e+01
4.984311271173018554e+01
1.596671653735726295e+02
1.054594931650932352e+02
1.377301557343823220e+02
4.996221761078844281e+01
1.023660757372161498e+02
1.417885213014789159e+01
6.393090748140606294e+00
3.727087239886411663e+00
2.695350555218104294e+00
1.482315712524293438e+01
3.992146517449039322e+01
2.317675103228401667e+01
3.247815096787550715e+01
1.081910496461406979e+02
1.360706008795425248e+02
1.200675422524035838e+02
1.600568879775405264e+02
1.476114694230610098e+02
7.778425914724272161e+01
1.500291700145611173e+02
1.221562945261242561e+02
2.451929406108667209e+01
1.190316846362255490e+02
9.164531249687381376e+01
3.752023539566017263e+01
5.352450295301074412e+00
2.383685247585270339e+00
6.847871981269499031e+00
1.915534483893302564e+01
9.070069266364052751e+00
1.002115307639282449e+01
1.537735571452107841e+01
7.773290634972015312e+01
4.326723822520834517e+01
3.218671751782337509e+01
1.010169534060029832e+02
5.881381324020458123e+01
1.182069322725766511e+02
8.278642434659418825e+01
1.763388147877910512e+02
9.535492674927769485e+01
2.318837228182237453e+01
6.518510219908600689e+00
1.971333241228549937e+01
1.202831184999981318e+01
1.415996043598861887e+00
1.417388281161604269e+01
2.249686874886079835e+01
2.560328051486149903e+01
3.320922307370814508e+01
4.186568479369934437e+01
5.829475679858376225e+01
1.247304485127568370e+02
8.069335825464648337e+01
1.198971073306329629e+02
1.163814671810094694e+02
1.574312676064966183e+02
1.449732893517455352e+02
3.216515528927396161e+01
3.573564382288358843e+01
3.160103758200950708e+01
4.280218359708756992e+01
2.018656074839004333e+01
2.124288161885532844e+01
1.340465322554721261e+01
9.108983439667097670e+00
2.191315879016566370e+01
2.559100823908449840e+01
2.382337326439448688e+01
3.125462913548072663e+01
1.725293060680021995e+02
3.691943644008932068e+01
4.339089038408976506e+01
1.103344263428032406e+02
8.320497164006420121e+01
1.750518544638066203e+02
8.815285776863677825e+01
1.650171300191661885e+02
4.683202237570306181e+01
5.558198903282629999e+01
5.496971041590037999e+01
3.354100717625063766e+01
1.640735762606706416e+01
5.414910707549092095e+00
2.770265059191718837e+00
1.388979392735447460e+00
2.811731255617620384e+00
1.073551292847390215e+01
1.839385805498353932e+01
5.134242209306540161e+01
2.432253033600787973e+01
3.226929154752051687e+01
8.492255861513598347e+00
3.492764108049787808e+01
4.986596068841578955e+01
1.172841219168180800e+02
2.236723040617856739e+01
2.167394438049031891e+01
5.220741748482507205e+01
2.113476190911979202e+01
4.826900443483231840e+01
3.820962474438595535e+01
1.946594688634477066e+01
1.394078744662504121e+01
2.862545066627212265e+01
3.631319693128388337e+01
4.132905625522563042e+01
4.065339843221835991e+01
3.935723628363945181e+01
5.220097267039717082e+01
6.067667088405680431e+01
1.503341829489268910e+01
1.063875265972674526e+02
2.003635308442591523e+01
5.030028238359941639e+01
1.711254853979540158e+01
2.827055558472321550e+01
1.609961758435076007e+01
1.323493618130440019e+01
1.098525581776507209e+01
8.897592911403322091e+00
7.030755704948699503e+00
8.530833944219466503e+00
3.165557926463041483e+01
8.007403621636485980e+01
6.400143998229968645e+01
4.111928037535458458e+01
5.620081951707771140e+01
1.742554403792738640e+02
1.261705207525925232e+02
1.664913046526741027e+02
4.327207717391503650e+01
1.508085116629127853e+01
1.019843629526175448e+02
1.794051816656779863e+02
1.368848399459901088e+01
2.914427980022625420e+01
1.594754365899953896e+01
2.714153406141448954e+01
2.571058753088494697e+01
1.578480255390780940e+01
1.898495984035209583e+00
1.422741872087450288e+00
1.707358811331476378e+00
5.107041584439300230e+00
1.558208141366499078e+01
2.590344314538817372e+01
2.594939787959820876e+01
1.200510886153567114e+01
6.096669574522704949e+01
3.308071380332231470e+00
9.547455130849937177e+01
3.626060400889301150e+01
5.475248777905486008e+01
6.117236879601744448e+01
6.263754651314827271e+01
4.594611057572325308e+01
7.670571267753325628e+01
5.643096642583787315e+01
3.024543622082291705e+01
2.185170487298364250e+01
4.365067592062405311e+01
6.603690027774085536e+01
7.731595077187547815e+01
7.191832146645006674e+01
8.108378128925268413e+01
1.700606310788700171e+02
2.654837546845579155e+01
5.144083678082523647e+01
1.717511609500171517e+02
1.662831700087800755e+02
8.760802950776651699e+01
4.501053205316558348e+01
4.509643376545450622e+01
7.658641089695224480e+01
1.098165976406779691e+02
8.693756425104469443e+00
1.576245125157683091e+01
7.515509070297383687e+00
1.785138473373391488e+00
4.904991114955367770e+00
1.594812401874562902e+01
1.570733252436234579e+02
1.325019119920668231e+02
3.038251667511161003e+01
7.761149892489713409e+01
1.377904934978919300e+02
1.395690780994427200e+02
5.067034775827369941e+01
1.486107830966867205e+01
8.171123764990265670e+01
1.568578826226151364e+02
1.420020758849087485e+02
6.136083832312539244e+01
7.230695145518818379e+01
3.757072312727671459e+01
3.049579617807740206e+01
1.700921026337982056e+01
1.622256542208357999e+01
2.544601039316199831e+01
2.744994316062074091e+01
1.512563880003209817e+02
1.242321797466761808e+02
1.475295465701015019e+02
9.097869441224588627e+01
2.019016235345035426e+01
7.721684446103338928e+01
4.054846896320369609e+01
1.503674093047886231e+02
7.117477415758894210e+01
1.549189022065903032e+02
1.220269403721797374e+02
8.280160735816663475e+01
8.178420566735233876e+01
9.188067946723819546e+01
2.574648563401984447e+01
3.022741454563767149e+01
2.731257261507934331e+01
3.933547354630843529e+01
4.376010193295815043e+01
4.167620785234844760e+01
4.807828492566185474e+01
1.702738284390932577e+01
3.510893056850748817e+00
8.632031728869667120e+01
9.552575631450908134e+01
1.364713405436592666e+02
2.406549830671339407e+01
7.829628162839297545e+01
1.572105947362275060e+02
2.042152689591846482e+01
2.758346321188077610e+01
7.660601299166147271e+01
1.094219480068279715e+01
2.827955749532764429e+01
1.671042773975399243e+01
2.818420575876906398e+01
1.029521292542578550e+02
3.655084964359104305e+01
5.078704752753281326e+01
1.212211118716133598e+02
1.413393441356512881e+02
5.094302392347054109e+01
1.686797509981901158e+02
7.129251618150210845e+01
7.184766383470692119e+01
6.273571753528992190e+01
1.600020919203423944e+02
4.551146131354463620e+01
1.270380060514109317e+02
1.986199259609104573e+01
4.186241503317033619e+01
6.279677232439414780e+01
4.941653423270758339e+01
1.973476260348470035e+01
1.525606253650874855e+01
2.536387177211974375e+01
5.125366915379745336e+01
2.436682666152427856e+01
4.696332982179536231e+01
1.029354512915115691e+02
1.778795624434290232e+02
1.560394304044187486e+01
1.672211720661424579e+02
1.426295180791090331e+02
1.183966782516289840e+01
1.614888513824262475e+02
2.424999553473768898e+01
3.471215201392286076e+01
9.598914818570928276e+01
3.799366040503603870e+01
3.598162548375742631e+01
2.998596874471981977e+01
1.479267363694255444e+01
2.166756296810379467e+01
5.142780473713124678e+01
7.742745563506312578e+01
4.712926885717299541e+01
7.739346938124087671e+01
6.459314413033477820e+01
4.278710959195678498e+01
6.081138094811748118e+01
4.760643692873343724e+01
6.191983586598937706e+01
4.769086035560475523e+01
1.660127674550191159e+02
1.430562643775414777e+01
6.558211884645358225e+01
1.438102777875483085e+01
2.370713669667419765e+01
2.339721579128704931e+01
1.709142969596789641e+01
3.483761597233252960e+00
3.160383173967577175e+00
6.104901428306124700e+00
2.233277035922487386e+01
2.031447617933509875e+01
1.007223709369117870e+01
3.758720545179821571e+00
3.517528239426457048e+01
1.657813730513604753e+02
9.384937464067792234e+01
3.843864921342888863e+01
9.089972641319309332e+01
3.808714984808781168e+01
4.552263031338202381e+01
2.830536325977917755e+01
3.730388154400217360e+01
4.361906650966888321e+01
5.027741941253641755e+01
5.334876669650431324e+01
3.222927230830206469e+01
2.625996439181333031e+01
3.678601488629686145e+01
1.203606528997787137e+02
4.452143785133028331e+01
1.153879535812570793e+02
6.376033475625170865e+01
2.918890705089357596e+01
1.793254010636049145e+02
7.906884674976646465e+01
6.513481598080473134e+01
1.379675706936153006e+02
1.384374929108067320e+01
3.623674452488421593e+01
2.202060489879762883e+01
3.537664120096017939e+01
9.264701989911405633e+01
7.059049913531519849e+01
3.417581066435339920e+01
2.074822258063282376e+01
2.925740285661068185e+01
3.932928919162542769e+01
4.887208445736356310e+01
6.994874338493038124e+01
1.842997322899243784e+01
3.772112197716766957e+01
1.503016879257392873e+02
3.383448266815140926e+01
4.012563310398631700e+01
