4.658135225519446365e+00
3.830296361004594363e+00
7.523241630593397566e+00
1.297623922927224882e+01
1.033968502475776496e+01
4.684961698636201710e+00
3.037679974846987818e+00
3.317820637121339455e+00
9.725237982922326552e+00
1.438318538792225176e+01
3.673627012887150300e+01
2.127662368260224923e+01
8.363463024779731469e+00
1.743104652267971844e+01
5.460894568746234512e+01
1.837022240063582146e+01
3.848308277798518873e+01
6.316126151962264856e+01
6.666457605718582613e+01
3.314076814220391043e+01
2.548171768369164880e+01
1.015045122762629504e+01
1.482888965688075267e+01
3.885547412639534315e+01
4.267187152269771389e+01
3.313010072914884319e+01
7.208282040204176155e+01
4.928115370752185243e+01
5.813161645159673441e+01
4.164620086696774592e+01
2.619553712414671409e+01
2.628318394788901458e+01
2.657536624141458859e+01
1.328739231048334979e+01
6.432651228790204456e+00
1.604859394109840665e+01
5.832012071498131434e+01
3.016216526574022083e+01
2.274359390896920274e+01
5.509506218292758462e+01
6.270726868386024933e+01
2.050951890935696653e+01
8.048151832138013617e+01
7.460924744755605786e+01
8.165299436249270570e+01
8.285757671398168611e+01
8.355843947665644578e+01
8.151391897107450291e+01
6.838193226768930799e+01
5.288178415392999199e+01
3.996539265598762825e+01
4.487464409708073987e+01
5.633907161368888694e+01
6.277439699362519576e+01
6.632027166588630962e+01
7.862460807170718624e+01
8.178789943385936567e+01
4.124931950428470628e+01
6.151561736229196953e+01
5.694094967121296236e+01
3.972446010468022592e+01
3.844939312405434606e+01
3.510492334569396178e+01
2.499988731374493511e+01
1.982754521838939255e+01
7.675915053513962505e+01
8.509506605460128981e+01
3.971442838203170567e+01
2.805784960015152762e+01
2.303739516758978212e+01
1.944532198825029212e+01
2.523318169900093721e+01
2.901131047406229513e+01
7.540834990357217293e+01
8.042811613085989109e+01
7.804912904217074754e+01
2.212568457348259798e+01
6.499031073916444257e+01
7.992957609199596902e+01
5.238553392495452954e+01
5.144875144789531163e+01
5.495710304605527341e+01
5.837041396731016363e+01
6.257550349983562654e+01
6.353216853050253121e+01
6.773957050269193303e+01
6.777998507275407292e+01
6.854390764377706091e+01
7.085877691106379928e+01
7.442753321028841640e+01
7.521063426549646636e+01
7.660084088077384479e+01
8.995012256995686073e+01
7.933906098853816502e+01
8.922512085428108719e+01
6.675647735263933669e+01
2.230655210479839567e+01
2.304471551805222163e+01
3.014370158724516102e+01
3.467866296146728189e+01
9.963330666820343851e+00
2.706694821218070857e+01
6.413812612779061340e+01
8.608718956225889940e+01
7.332901537426229766e+01
6.285381788576407303e+01
7.112379601017390485e+01
3.409489954424116576e+01
1.971283590827504284e+01
1.644083525604920126e+01
1.822759371678624163e+01
2.053728322842093235e+01
6.323298617107366226e+01
6.941790124848073162e+01
2.322580067573812812e+01
8.284022418828551793e+01
2.827855148703578081e+01
8.248387368095482941e+01
4.800317595160281314e+01
4.318880836341241292e+01
2.630115400833750527e+01
2.058161248042515723e+01
1.887742736458083215e+01
2.212003377274151461e+01
2.301810636209827265e+01
3.379965406411869111e+01
2.554593663857949792e+01
1.806744736338058743e+01
1.267833728175607355e+01
8.910860638505347708e+00
3.410772765368483306e+01
3.294268646171763493e+01
1.515392860866297431e+00
5.855610772376716255e+01
5.388207328463211354e+01
3.944483458164148004e+01
3.388539623238218468e+01
3.436539311160780841e+01
4.286654220725679920e+01
6.068981303344635592e+01
7.309883369460072799e+01
6.194522154490828569e+01
3.514288598412559139e+01
7.325905586811023795e+01
8.456807126205833924e+01
8.377960142314637437e+01
7.914370777163546222e+01
8.660133943932939360e+01
7.822034603385357343e+01
8.930764507190130530e+01
7.815334854699823097e+01
5.773069909454730464e+01
1.211175438301500229e+01
4.822583486652183282e+00
1.549160634524489266e+00
4.697593682095614120e+00
9.751229077996113048e+00
1.201145669489652867e+01
1.479518791216235307e+01
1.421590401343657639e+01
2.057201052425983434e+01
4.066407916849336601e+01
7.302228471578436597e+01
8.614733413149885166e+01
6.353857165678347485e+01
3.194645805597374277e+01
2.338837459350702375e+01
3.222414306166051290e+01
4.839924486249747559e+01
4.421910183610673073e+01
3.725013394635947606e+01
5.654855470451753519e+01
7.812787687386129676e+01
8.670120448118051115e+01
8.046564082077443913e+01
7.103636063515490662e+01
6.642943468711743549e+01
8.625320892942772844e+01
6.086958685103967781e+01
1.462935811762004690e+01
2.516032253217057857e+01
4.299964299854872252e+01
4.563432249129326834e+01
4.782856924180455849e+01
5.042812463928459010e+01
5.387752585561674579e+01
5.634678104366408036e+01
6.152286101455662504e+01
6.533208504632114000e+01
6.722534189540296268e+01
2.774708565232582913e+01
6.417396291345536952e+01
8.881052614626504749e+01
7.724118956397408908e+01
7.661148430293678757e+01
8.368919212866559576e+01
7.954682028050478948e+01
8.812547240313509178e+01
8.453105427074986267e+01
5.876637650474922481e+01
7.674856200732594402e+01
6.481819202820959447e+01
7.300393327388346165e+01
5.970215206865458413e+01
3.147526504750811682e+01
4.067888880107954463e+01
3.228649772410679475e+01
3.193948917715823299e+01
4.588064875604105453e+01
8.119252830376993302e+01
8.962010238736294809e+01
7.731975235315192663e+01
7.220110671684453507e+01
7.775628709190969801e+01
6.502876693681996301e+01
6.169565733889532311e+01
5.714015150744498328e+01
5.558210716367312187e+01
5.562148384224805397e+01
5.569454130027113337e+01
4.341646451276056240e+01
2.235552541347979627e+01
1.704131295507464117e+01
2.059519283616073437e+01
2.344742136879239425e+01
3.079585249622890331e+01
2.641849389966823125e+01
1.422813009404841544e+01
7.023848862208836863e+01
8.854152510876595272e+01
8.139956125270553855e+01
7.539106552126182237e+01
3.963755491716854351e+01
4.199619739985595146e+01
6.328651153046622113e+01
7.903331499145470218e+01
8.482678918638431753e+01
7.347899974991420891e+01
1.090962171357356247e+01
1.782213878113386274e+00
5.961856282076535507e+00
6.989753497783584457e+00
2.122460689821838997e+01
3.035738574989214911e+01
2.834585219803263456e+01
1.025497032861754398e+01
2.400804994289009286e+01
1.595249052778717669e+01
1.904784960431395291e+01
2.150976876190196663e+01
2.418923511294538642e+01
3.183410670549930543e+01
6.306562146728263940e+01
6.642789263959231505e+01
5.498689730425160604e+01
5.799783428945582386e+01
5.452216061733954433e+01
6.112968935881065846e+01
4.745932443715487636e+01
3.496623917879866639e+01
4.314186493849796022e+01
4.514168128478949882e+01
5.475837493338444517e+01
7.690353583209297028e+01
8.021071322848091256e+01
6.402563035652119083e+01
7.503240453713864611e+01
6.676707510379503674e+01
5.523115139659643802e+01
5.899531265530666246e+01
2.978987618862081188e+00
6.542881006289049139e+01
8.056757682291393508e+01
8.057422128616860846e+01
6.377781895214787511e+01
7.753832846899742037e+01
8.734821969212200088e+01
8.941463174649415180e+01
8.673382242881827153e+01
8.362629385403785420e+01
8.336116354564593678e+01
8.824119408796694586e+01
8.456322877540550564e+01
1.629776139558588000e+01
7.463495929648131266e+01
5.394226098878568365e+01
4.029047139605774674e+01
3.395482018036481975e+01
6.134048802121589716e+01
2.546997612654826781e+01
1.496453206971260741e+01
3.526746702815483303e+01
3.225344908185029169e+01
2.193763261770628858e+01
2.489012942228802316e+00
7.221891643038537723e+01
6.946146467485883136e+01
4.340042693161108645e+01
3.488833679389237830e+01
3.412147889113973775e+01
3.043185735955246329e+01
4.641165778776877460e+01
4.999453022056351870e+01
5.914607170901459199e+01
7.515057411780794894e+01
4.171847650016157161e+01
8.946440952923997258e+01
8.232963842651327013e+01
4.602896549993251796e+01
3.058042786652400835e+01
1.854977066774967298e+01
8.320305468588898634e+00
4.652224776250496241e+00
3.477632116224447856e+01
5.686612081988772616e+01
7.669298642104438102e+01
8.480633546071190665e+01
6.252657058596866158e+00
3.075944250258625345e+01
3.893956588901044569e+01
5.042485901761286726e+01
5.797852718892088575e+01
6.093958264945609926e+01
2.781781966648063786e+01
7.678911893390819365e+00
2.079842418121988246e+01
2.082946687139383357e+01
2.558041478404480173e+01
2.642913076085094559e+01
1.585054496248137745e+01
3.919872179550631586e+01
7.032452883387820464e+01
8.515190225830330917e+01
5.757034421273473868e+01
4.894364961186397522e+01
2.054896774055936604e+01
3.418060940470312659e+01
2.935960214361895382e+01
3.212594349726456500e+01
4.124888919110598096e+01
3.659928763875872448e+01
3.038341191372911965e+01
2.491244941313563288e+01
4.737002651500035455e+01
8.022742311649086844e+01
5.757716281004314851e+01
5.938724523185132398e+01
6.105094437169730526e+01
6.676507661595522336e+01
7.405249194954956238e+01
8.579585660566017680e+01
7.766949272890342115e+01
7.707787122242626765e+01
7.314206808010487748e+01
4.491600373526791401e+01
2.741937076298929554e+01
3.211907463365368187e+01
2.741172532999909350e+01
2.976262134192159436e+01
2.776031542873385760e+01
8.035304238601172244e+01
7.646086363251438911e+01
5.368759207856864890e+01
4.865648339290221713e+01
6.075922110358013128e+01
8.774952155749426197e+01
7.049773441136024132e+01
7.867549674976140750e+01
8.817078569063488658e+01
8.401387455846159469e+01
7.504713463502778836e+01
1.941295441086660389e+01
7.203774702161989296e+01
3.803818068981796330e+01
2.527499802313670330e+01
4.596161168277618003e+01
6.162523473643724969e+01
8.365463829005848595e+01
8.150075824898364374e+01
6.685492436663896854e+01
3.279505895897259649e+01
2.520846532874630341e+01
2.795457941773202037e+01
3.695173222264509860e+01
4.016319794388987674e+01
3.442294165598909927e+01
3.007524084149050836e+01
2.714875093184705790e+01
2.983474331888498554e+01
3.637595792980520315e+01
4.263077166177387767e+01
4.372805364546265139e+01
7.076987514200115470e+01
5.855517439927595547e+01
4.506967020030282356e+01
3.292667401904014213e+01
3.290622820610533239e+01
3.521388931183483351e+01
4.586251955958207560e+01
1.937128358642907244e+01
2.201867727231730498e+01
2.278803258781748298e+01
3.510112167465484134e+01
2.739479775754494995e+01
2.257828816398383065e+00
5.177256358250191681e+01
7.085519444824345214e+01
6.309507547402716909e+01
7.139157634729509994e+01
2.097247413188317822e+01
1.170992809455924721e+01
6.007962961072912833e+00
2.577697498952667754e+00
8.975115679828833493e+01
7.550763772452431510e+01
6.108680111438322768e+01
5.783643516213756897e+01
7.175178825187877862e+01
6.781050562500135470e+01
2.033697024668177988e+01
8.390095947460282844e+01
7.976122301848701568e+01
8.067723888720200875e+01
8.656472485821004170e+01
6.793546454330490292e+01
5.924061677102854873e+01
5.919570535421483726e+01
6.471252582566619083e+01
5.565730484628414132e+01
3.098746578522682782e+01
1.157047611195361192e+01
1.121265774587741682e+01
2.016397053582852195e+01
4.401812142441637832e+01
8.039608555940428403e+01
8.849031458297291408e+01
6.854307734169701405e+01
