8.953025391552493772e+00
8.208140444206847519e+00
1.623808574936317939e+01
2.464842179351074591e+01
1.903750388043894404e+01
8.092919710206551542e+00
3.318070280529209715e+00
2.691706983562274669e+00
9.163421202256865072e+00
5.769199444242456565e+00
1.462607282509608098e+01
1.350891357814218985e+01
5.905467612485385764e+00
1.462137692371425857e+01
3.404458636363690971e+01
5.646143111120149882e+01
7.654971405581306954e+01
8.793288667627527389e+01
9.109053355799169083e+01
9.309094877312445249e+01
1.083404305897566218e+02
1.079525350186828661e+02
1.000658609713315315e+02
8.369257212871819718e+01
6.246201720609720098e+01
4.061225498286947300e+01
2.715388394685443529e+01
1.898581900283450352e+01
1.096723365466565525e+01
1.903724846656378134e+01
3.493000464641961145e+01
4.557170912803800178e+01
5.279623918287076378e+01
6.874864010337797993e+01
8.208974144080703184e+01
1.018605646909098255e+02
1.479477015246120004e+02
8.419509357310222697e+01
7.969274846597150486e+01
1.307278506645926655e+02
2.988929559300787631e+01
4.498518294493239722e+01
4.588004075929378445e+01
3.256158069945459488e+01
1.896500406561821350e+01
1.402433910382816507e+01
8.131118601335561635e+00
4.281840275525425454e+00
2.957202751643896566e+00
1.567608154989235025e+01
2.783058238776304094e+01
4.362323037588033969e+01
6.132391693748460426e+01
8.036121976384706045e+01
1.047601176075494749e+02
1.034054880731789865e+02
1.357740800610160079e+02
9.027962166510684483e+01
1.344557510808634504e+02
1.337209454363618022e+02
1.141616004452526596e+02
1.004118849899009547e+02
8.272005429065696092e+01
6.318095769439985077e+01
4.041933477591064161e+01
2.111439991712832764e+01
1.078441107217624051e+01
4.694111434892345613e+00
4.502184706966512628e+00
1.584050125316722024e+01
3.959806485086588168e+01
5.290917180899529626e+01
6.807529965914245906e+01
7.608899322171191670e+01
8.111173669548249165e+01
8.376895838635897462e+01
8.701021334418879860e+01
9.045622467482527895e+01
8.983924646294269678e+01
7.267374313987525625e+01
4.780749976425196479e+01
3.034831566064997688e+01
2.009306442382989744e+01
1.042830388579266909e+01
5.264002748443356694e+00
3.536931450078140582e+00
4.822497737777477589e+00
8.240263663298877717e+00
1.404583279241277438e+01
2.486730994926852745e+01
3.357775686972293983e+01
3.398319628925116120e+01
8.213770176285900959e+01
5.473978032730790488e+01
7.871346283670941091e+01
6.712646910268826161e+01
2.865973220848333725e+01
6.274823256403252714e+01
3.955397624279920166e+01
3.493232560430945455e+01
4.323695492526548634e+01
3.013215597469788420e+01
1.668956128604286704e+01
6.553974504088166064e+00
3.595023637278984996e+00
2.689230380609826554e+00
1.469611727087777098e+01
3.850313374777395836e+01
5.718788436675661302e+01
7.180712067505332641e+01
9.310625612533266349e+01
1.020267981573278178e+02
1.385399982510123493e+02
1.451516552707776384e+02
8.415990012350401628e+01
1.736496423820694588e+02
1.061224876955722607e+02
3.339705811484094511e+01
7.171588892839699270e+01
4.050715954657188433e+01
2.012413207721877839e+01
1.243934402380345361e+01
5.765996173133793867e+00
2.245077762044839886e+00
6.047875677494745972e+00
1.889269999149853518e+01
2.736431770169357947e+01
2.969867507776632465e+01
3.193103149425139975e+01
3.571462536702147617e+01
1.502908675664739349e+02
1.334162379263454490e+01
5.972797576814792109e+01
5.821959486020664087e+01
5.063013395232771074e+01
3.738451242850702272e+01
3.041723179108905839e+01
2.595762465572082434e+01
2.372615021745010822e+01
2.063243473846490872e+01
1.944038092767576487e+01
1.187735513960937972e+01
1.260509403648137461e+00
1.366033055425659448e+01
2.363509928904782953e+01
2.550039279082269417e+01
3.065410943513060005e+01
4.479625956407841159e+01
5.717382068882423596e+01
5.973181110919282588e+01
5.979420248152003126e+01
5.149774815025465813e+01
3.900155419065165319e+01
2.643080155441163370e+01
1.743714227836941077e+01
1.401024821665669151e+01
8.666812487524753195e+00
5.426307647755693964e+00
1.713523811088066040e+01
2.098128179322462472e+01
2.111784688020954093e+01
1.349066804084401738e+01
9.067682158603179943e+00
2.127015777391989104e+01
2.574660376740392564e+01
2.661268510449192348e+01
3.424340835416153794e+01
5.665249278798572874e+01
7.672369737379689525e+01
9.364806205170860665e+01
1.045431184551738681e+02
1.126437958003104001e+02
1.002214884041706568e+02
8.822920112296056061e+01
8.647010977556176670e+01
8.455581252078702903e+01
7.580244174502604437e+01
5.451735620472906874e+01
3.363371770976912956e+01
1.635121011880828590e+01
5.390642127087056146e+00
2.679688176771244823e+00
1.448795090298748311e+00
2.968584085166519504e+00
1.107737025230288808e+01
1.836437218489705003e+01
2.415482347628217852e+01
2.552606293748154087e+01
3.355742144632468893e+01
5.138857792857223217e+01
7.187956201581891946e+01
7.517572842830084312e+01
7.360950489998562318e+01
7.155974177036206640e+01
6.241837516857255252e+01
5.467496369694935510e+01
4.872039236315943356e+01
4.714399196497137723e+01
3.857207454476910158e+01
1.956812440669557773e+01
1.427495424870985019e+01
2.688563609932640119e+01
3.782408705467209131e+01
5.005920994942804469e+01
6.366781330705860853e+01
6.930706359183659515e+01
7.014624577124551763e+01
7.821016318364030440e+01
7.945717717953282033e+01
7.726646019786704755e+01
6.171933365481162781e+01
5.407231659086697562e+01
4.114931879446969276e+01
3.057268884916690510e+01
1.706937525528759636e+01
1.446430067757740723e+01
1.152244854155118148e+01
8.846452136590958304e+00
7.061091582575114600e+00
8.194678867298822666e+00
3.083226708127777016e+01
5.498484082731862799e+01
7.085242958410161407e+01
8.082737885035298575e+01
8.426899480905359496e+01
8.520875633127377569e+01
8.559905802998862612e+01
9.406741004795419769e+01
1.240873364124444436e+02
1.053842510049715884e+02
8.273632299081972974e+01
5.802680498011858390e+01
4.264426971054926696e+01
3.275532258764999938e+01
2.898775551036445108e+01
2.722027598381450630e+01
2.596797410998324906e+01
1.607704273033738573e+01
1.895547012742614390e+00
1.414835316093823625e+00
1.651576097102935403e+00
5.101128255084161012e+00
1.565336616556984062e+01
2.552526444020048757e+01
2.573873338431320690e+01
1.232498990675165729e+01
1.800690356197529240e+01
4.722290452296083885e+01
4.566627445198879798e+01
4.835613857262740822e+01
4.615471587998656844e+01
5.225010229707310572e+01
6.216216735404290716e+01
7.255496272954023596e+01
7.139289579055332524e+01
5.656271489329901669e+01
3.003229368376813113e+01
2.134818364434408267e+01
4.350544273693513020e+01
7.014456697591622003e+01
9.668606542804289461e+01
1.150606600748306221e+02
1.368841277822087932e+02
1.193964007582127209e+02
1.459342689981103547e+02
1.475336939712094022e+02
3.647248591874277679e+01
1.097681234978581415e+02
8.108774529675379483e+01
8.549931475988445584e+01
5.045756611555032833e+01
2.473018966216883641e+01
1.277427297373332493e+01
9.702008308589505248e+00
1.595221891221673793e+01
7.609486899539332327e+00
1.797195266684965986e+00
4.855784795142403354e+00
1.288940089161796188e+01
2.662531763578044774e+01
4.235295384014006714e+01
5.642038498707877636e+01
6.462070837245843791e+01
2.330515065090818183e+01
6.265966177352410682e+01
1.177249003524305664e+02
1.641575378301935473e+02
5.614431336959972896e+01
1.216917821345265907e+02
8.314019093549077866e+01
6.283170850895146486e+01
4.935940584798026975e+01
3.915264565893360071e+01
3.126666082155097115e+01
1.656127597380143612e+01
1.630946195539858934e+01
2.384340844536678006e+01
2.329033681546122736e+01
1.860319917278427226e+01
2.409943403392609795e+01
2.126919385926937522e+01
1.619969424744184892e+02
1.747507314990512270e+02
1.047168974276423512e+02
1.213513051400568230e+02
1.661694017626230391e+02
1.624829017041762995e+02
1.084009738117190551e+02
1.685469162943062997e+02
9.629514800283389775e+01
9.596544567682485649e+01
7.669052756602461329e+01
5.020331499352643334e+01
2.551117423575173859e+01
2.722189579875299259e+01
3.833239091317117442e+01
4.387830952501512627e+01
4.631958044810696862e+01
4.903062050978734732e+01
5.173683721813984704e+01
5.727198488178693481e+01
6.309694331561225056e+01
7.779933408860020450e+01
9.271376876053230376e+01
6.357674485188236702e+01
5.093208877929066603e+01
4.366605944784961935e+01
3.882172226511062263e+01
3.820963470905763870e+01
3.714043889671809495e+01
3.337566206599119312e+01
2.880282087465662144e+01
1.624748669540599977e+01
2.839060327739995770e+01
4.344113995822945640e+01
5.266546847371266438e+01
5.692902838664717535e+01
6.374868770098543536e+01
7.229943942896709075e+01
8.934817479234050097e+01
1.116008827700682104e+02
1.357935564744736041e+02
1.776885953547159716e+02
1.381297733663574263e+02
8.072480786756524651e+01
1.028795423803658906e+02
9.909925162566979395e+01
9.060135226759913962e+01
8.095669212005833515e+01
6.474408677654612632e+01
4.281578998805792935e+01
1.962786062084964200e+01
1.469987081409087715e+01
2.578457274330745719e+01
2.378377694913381646e+01
1.929311524411278711e+01
2.063914683649399961e+01
2.333190454529871261e+01
2.461363426855202619e+01
2.874544711061853874e+01
1.138555244760828202e+02
1.323651048861166544e+02
3.130680596215242772e+01
3.288284056790350718e+01
3.499132517999726133e+01
3.931336930356464165e+01
4.138687975314074663e+01
3.776882068062010944e+01
3.585555702445613946e+01
2.997583735231762603e+01
1.487499203583871044e+01
2.139609045225182982e+01
5.060653790963195320e+01
7.863371726606247591e+01
8.842486417818413713e+01
7.614248397079275321e+01
6.503805288002401142e+01
5.303890825535942355e+01
5.883391372506598316e+01
7.206013128612403307e+01
7.342744928488589551e+01
5.680078794048263546e+01
2.566812625142679494e+01
8.592212313247177491e+00
1.369839977841919243e+01
1.018059517884031351e+01
1.408600515760440430e+01
2.268980206540491551e+01
1.677476186354903120e+01
3.362346477681616541e+00
2.877148593985473735e+00
6.226549069255142399e+00
2.258988544502582840e+01
2.019928551133137873e+01
1.043351093888653480e+01
3.599460229501597386e+00
4.584434620979892294e+00
3.159077168960217730e+00
1.380739429647294259e+01
4.379968803009435874e+01
4.315891542117247326e+01
4.047023840110185944e+01
2.365519578245263688e+01
2.486221352029389209e+01
3.797106355300448399e+01
4.874671648479927200e+01
5.148164711419995854e+01
4.504159673089639426e+01
3.205002297149435719e+01
2.646453186372710320e+01
3.747892750313340571e+01
5.660379793343994237e+01
6.790062571592955010e+01
3.575056611457891620e+01
7.404980381263985123e+01
3.601738810096408372e+01
1.432443428584353171e+02
8.976885164869777611e+01
1.696562539876439644e+02
1.565620978615142178e+02
6.016526927392696678e+01
1.082760340696736563e+02
8.683077543208571569e+01
7.281427969828268942e+01
5.269170597210174378e+01
4.774538386915479293e+01
3.467598090637906694e+01
2.057731950529760923e+01
2.964280821743755112e+01
5.866812387664658957e+01
7.941735001677753303e+01
9.516796491966144345e+01
9.640761529868805724e+01
7.659277731031934877e+01
5.403318014569975958e+01
5.224304783069699454e+01
7.094329922450728532e+01
